0.8484739860581456
0.5879205900986663
0.5857433968615258
0.843478028998295
0.3339793883376294
0.26063576396886534
0.624014855220289
0.4623720417914564
0.12654093864202778
0.3968007993051305
0.8572127787278513
0.18239641249296956
0.5459483818030342
0.7593478488951655
0.664586543962149
0.8834492342026224
0.44430354748939116
0.895165527602136
0.8328958893523268
0.7873852004033193
0.81336325660579
0.7739250447011263
0.7264781505965001
0.6294903937333655
0.9353353885485086
0.7209450355998279
0.1687445211392074
0.7748572795454751
0.9234490947225162
0.9614897754661025
0.9581998341873177
0.9640195749753643
0.4784280282954999
0.6315134942220213
0.3236907492702412
0.5525750535390199
0.07486333932870982
0.6670364231403989
0.6406215479596702
0.5007489393951028
0.6518491261650878
0.15897889623448436
0.6576670115499763
0.3516512814347331
0.11157120096897485
0.4246194734114266
0.5285846025056793
0.6707733621401653
0.6346337406292917
0.9053849890017067
0.4808923332959488
0.06975300399486821
0.5762325977685333
0.9111245124055973
0.7718203592779453
0.7966927136949505
0.804500859597799
0.8855899868077688
0.5673270943175708
0.7009575564563973
0.35031658294794077
0.6886125546006845
0.22763718573228325
0.7917722305248216
0.35881804384355886
0.375213020261175
0.41096475764952134
0.6620082586539577
0.5582186778559277
0.5746415244561662
0.7219860080718066
0.30979516161454534
0.7038918870820727
0.7403826712871575
0.7711272725269704
0.5989627614742521
0.4566511416863256
0.6271385426136349
0.7993831426958995
0.7282746673279606
0.5165146381478702
0.6558399687100347
0.8147125214969974
0.8011702666533074
0.574456152338115
0.34991044245594777
0.42512673479573054
0.32426163000360153
0.269960109557594
0.9617156850566582
0.7702898840446851
0.8742726671472407
0.7443951264214028
0.7739754188365824
0.37326347125448434
0.610142001374348
0.3594809247459321
0.38683773908886254
0.1082949869081975
0.5534567423462926
0.14963164626541736
0.8937402166282022
0.33074461951157197
0.9253907918769102
0.8487289941552922
0.7282294209943383
0.33597814026761175
0.47717009514628955
0.30974474570779703
0.9720141993113484
0.9191742780516017
0.07713298225545108
0.7978191928493076
0.5443041655096282
0.4132931552324071
0.8243370393025917
0.9153052060074408
0.5020002168105395
0.14405432203779617
0.3902819173782502
0.7263021634302693
0.957382078942266
0.8573373723677904
0.40430388815872864
0.8895733398138959
0.5305754366712867
0.7806270015481656
0.575064970433199
0.5465745544961476
0.7523592133719085
0.6337059837217256
0.7522823885491918
0.8375642052427552
0.8390560745845808
0.7691834407739762
0.7842585810439615
0.8920353431125053
0.09061961927029787
0.6953329420964742
0.3410692581584253
0.8884676947127346
0.7937460614946024
0.7259404447268297
0.7906171443987509
0.2328493689947818
0.4115170033969588
0.7377662651988962
0.8798752403783447
0.9247291494583293
0.246533972368313
0.34709863222913434
0.8041861170744157
0.7081133417267806
0.9602341851246512
0.8550515871663011
0.5673421954890463
0.3612392288208831
0.45221250849980515
0.5157574080739378
0.7081665664242175
0.8423492311193944
0.9342046473151694
0.2025054430714543
0.4629140913153941
0.9047502446188105
0.8699730750673939
0.382978745785103
0.6537258605176447
0.8224121147020806
0.5479111707929557
0.2983180086825545
0.1592039440560918
0.794792154789491
0.954687540713785
0.4445360806025301
0.8039405033166651
0.5919911112120706
0.4758585726561943
0.7093499783586175
0.6028338781122788
0.8754747562269223
0.5376997764504484
0.7278647340064089
0.495428911341964
0.5501566196731991
0.9363891226327528
0.41051613605115694
0.8618459493186716
0.7721238407481555
0.13795305173923839
0.5519705585277472
0.1572111645051216
0.37668582224327174
0.6978514869649748
0.7264781505965001
0.36840090363215294
0.8997787003116259
0.11594550850483581
0.7279989951885211
0.8575195114790106
0.45114174004867447
0.678104286056851
0.9699744189180217
0.8172399483022907
0.4854232885107217
0.2155741856669336
0.7392396494071876
0.6470514062437168
0.5589010115538794
0.2634706276897623
0.7198945772169766
0.6438273604850142
0.8041462233593886
0.5820362132534451
0.21573066669123753
0.5347726585755477
0.8541319338470587
0.4300357723245093
0.08143669978475995
0.4894218526239121
0.6828758919940873
0.13589893431816027
0.39397347269516314
0.8172227585498673
0.7043712659314653
0.9278043424640532
0.1363229938862197
0.8044867847706748
0.31219685624937465
0.17210638296323555
0.5515313787235232
0.14583052069631408
0.36153062960786353
0.24973919743147954
0.12272620514309918
0.5692061901483157
0.604202648174323
0.4700353781309743
0.13700523883106708
0.4753119698392176
0.5257360340402465
0.12650372403883497
0.8835308718580284
0.8486436189774065
0.160824729542053
0.3104577025835441
0.5628143033471088
0.694539189662983
0.950505181043404
0.7742915384781373
0.5343005985310417
0.9016507674749399
0.9336845881970843
0.5115406779084783
0.3089436348145108
0.0930137941818555
0.6436135181934364
0.6713197340658437
0.6345078274678292
0.31962041700493476
0.7440568586035374
0.47712950238564994
0.5523159369414992
0.77918597953964
0.8391765642508029
0.6918967553908764
0.7992714830318882
0.6653467380238729
0.6684190197991651
0.6188090815002616
0.2520211407597679
0.8447578204208228
0.9361122214482072
0.8374656548349756
0.10418841439789958
0.7526216811482505
0.8284678608838875
0.7884334273153253
0.09690960567307973
0.7993906364608778
0.6219108910720559
0.7805831988030313
0.11101711269861186
0.704915385679344
0.25327282521680494
0.5090628696664845
0.6429517080602261
0.8787533320158443
0.8319734268733064
0.24033200299010143
0.4579045796000616
0.6745443465362182
0.5089758916924205
0.904502504422803
0.6860883330267418
0.6000416871090277
0.9045128474474408
0.7542754506757956
0.5689755462121383
0.8578841393363373
0.48717939096090845
0.8101208080556492
0.64189088415008
0.15744744057910887
0.6626015846394417
0.0873012153522188
0.06356711131932377
0.9312037402060349
0.8670041949771297
0.9213807111015424
0.6545561883321231
0.951485282675373
0.5098558119576861
0.7643273739390188
0.6405397195898656
0.3837418762245822
0.611568022293483
0.4183795451951302
0.7020317329255464
0.6792456372861764
0.5975427671927449
0.7635389058310055
0.3817600943320395
0.5038772600924881
0.5790238987553898
0.9502634704272257
0.6621475387605189
0.706679389093168
0.8353792338973836
0.8188600152500862
0.7740664830524057
0.605844889418483
0.7100612343796487
0.6278718147145825
0.5643903091704522
0.74960520569087
0.8461287152359549
0.27463858704706223
0.3967989586760978
0.8966950883425532
0.6600733927177829
0.9708530222636198
0.4166481371740633
0.9668628816377487
0.7100364313351949
0.7946414282594516
0.36549085955425226
0.39252797670799316
0.8119452760916636
0.3322679738754599
0.3736204146960767
0.9606423520180272
0.08835223745847501
0.6376400206728456
0.4880292466503545
0.6481778839494634
0.8781196497118476
0.3599505582183006
0.6618984242716605
0.21620670215307417
0.7541172544085668
0.8172968807400588
0.9323056881699452
0.570308214302257
0.7489886821296358
0.7916236954414096
0.8028221155653849
0.8435071936023046
0.86782158854005
0.8922812972486335
0.6288596708688856
0.38916122729407054
0.9271450194205497
0.32699215932673625
0.8019288030031715
0.6844965665297505
0.20943336022122933
0.30031917094672006
0.6676542779490315
0.577584728975171
0.7238028996594111
0.8766773492317277
0.07754931079322823
0.544193810335418
0.6905896644952519
0.15939250855961046
0.8652654810177032
0.4146774206331409
0.8452142247346717
0.6664548151660796
0.8545512606688676
0.6687860187502069
0.40185764963621795
0.45475040904590003
0.87707764822634
0.6124793827510959
0.7655346632646086
0.6997476962175317
0.31844278146523974
0.3032416404961485
0.9567595557661994
0.9628894361572444
0.4391055942728914
0.41157659956948556
0.38344942821283445
0.889729490560696
0.9256658421810731
0.8055631887371563
0.08622016539038926
0.5123895829416254
0.21660968953564658
0.7902397319342973
0.07291254836853378
0.524769621795651
0.4550572929471035
0.3544196091009232
0.6869151770640606
0.30513563227066537
0.7051027393398182
0.7127029663282665
0.5986511346771152
0.6040672784461305
0.927705959774423
0.6362377682788595
0.10768443325730938
0.2031833080806593
0.6300745876409382
0.8601474865804268
0.9444050982677844
0.9044810382364359
0.914780759107199
0.5008691924935291
0.7133004737046658
0.16027844274827324
0.11559818049015744
0.5661239728243537
0.40094580610098435
0.3226908429242089
0.6493617044955711
0.6000663766862896
0.07633730237789638
0.08376964268913444
0.21211741761818187
0.8363033093680385
0.5505821439429943
0.6809476916402057
0.6722878586060486
0.7039200472785825
0.7096325152832856
0.8676127361267731
0.38189460768550165
0.0953191785215713
0.6056949045872291
0.06591363701594204
0.5868949640941301
0.6981268535841241
0.7268936228574093
0.9185351061606872
0.9038229872560946
0.8866852438305889
0.7717073133706609
0.5705425856768426
0.3958325466998285
0.7811886961991708
0.33813657618212484
0.883868398376118
0.8570313983579382
0.7612320708105513
0.9383344041716417
0.9866910718582951
0.7410058842885934
0.44758579005533106
0.6639113772624415
0.5890941557727647
0.9026940679130973
0.09556210971269205
0.7687508350624448
0.9726006388770503
0.13227453194995623
0.4389872022728407
0.7808973151227439
0.5293114193281623
0.6192870185515227
0.35148747625484544
0.6337563875367929
0.501780755081201
0.1733051246413865
0.8646055575640432
0.5283886606336932
0.1337415092415474
0.36523843394887684
0.8226556748547319
0.4396271857493953
0.09426953289384728
0.4617940689221134
0.8423669297065676
0.45850335514304147
0.7976760522090129
0.5717350105556593
0.416784335837621
0.8425890861336693
0.6639403460682479
0.8435185094076567
0.5939001866969762
0.92467229868162
0.9202418624354782
0.7798720953531026
0.11504866683696613
0.9092325394232555
0.27966160739978874
0.76632338507166
0.5328919318810013
0.8029151378493207
0.23499587672328626
0.7781017245448759
0.12615972395830669
0.19557149291477094
0.824837560864959
0.8016542812792921
0.1641059121516081
0.808150535097371
0.34080254537126514
0.3773766204702287
0.8895693538133419
0.6641350241558993
0.31392006102181935
0.5908417594026389
0.9362073771020134
0.6017479741971243
0.9307781308510081
0.3412081772873778
0.10245179231181682
0.6110630750022086
0.8530073739610742
0.9446368538173362
0.17851051550128527
0.3446540531258459
0.7455352315990348
0.3782385395901753
0.7080146570628663
0.4248760282004422
0.8242415846794329
0.8852509632046422
0.5500665663869145
0.9139503852283392
0.9458754050751629
0.8104482931769527
0.2423649986747505
0.9658297703658432
0.8993246571355302
0.8334272721715287
0.7562865762028486
0.4139648049899435
0.7440140880908059
0.7281655447427918
0.376803427341128
0.2816982706346253
0.1428354364389332
0.4005267867182486
0.738332051933126
0.9530153004534294
0.41235301010285463
0.7982774216363306
0.8210020319630996
0.7487070733213649
0.48678316764873714
0.8783486479772067
0.7205772641290096
0.1856941161721279
0.5239413945992227
0.26374081155357076
0.8361691999328481
0.0813413389234853
0.786650716298558
0.8767762519105424
0.714491471107814
0.7777350324464152
0.5421173718449991
0.5548661189578032
0.6133681669758559
0.305429665755127
0.5408476358505092
0.3029566675520008
0.53085356258089
0.8408583311759469
0.6603839975392305
0.8565187247039925
0.7400283012312805
0.6629181179857603
0.34170331135537935
0.8128215939619746
0.6719328421710378
0.16856875294904722
0.8079520220706253
0.6787793106369113
0.6601435291944215
0.9191099398455539
0.4744660407743244
0.10797167938584457
0.872568545039871
0.4128598202856851
0.8772607172714352
0.7734916835665424
0.5444654692012141
0.6141603917870189
0.698384432456973
0.7870998882992903
0.8324265924875511
0.11162052398380387
0.8473014790863691
0.29776334873571897
0.3057286214024604
0.5132240225467596
0.5336341989643703
0.37093668674882135
0.9459798702263824
0.7464228824383894
0.8336805090517323
0.08506960403771581
0.8455446788337605
0.689965742218989
0.8924063785283889
0.22965102411267907
0.29341138877366235
0.7177048027541522
0.5016677817931634
0.23946707283904375
0.49227431438453445
0.8317598129219896
0.6101367082714699
0.3492989052093061
0.890447440353795
0.7298996688698127
0.8265185836237605
0.6794198694135715
0.9400661006234164
0.414192872401334
0.22680541612134247
0.2920251293032693
0.23262978250322502
0.3609813816676869
0.12955423369393895
0.3969018492981346
0.4964799792426919
0.254596036401851
0.15929613152649663
0.8592085611396962
0.16677142426938002
0.3552894617539018
0.9635938390594372
0.7730189937388664
0.07549503647486816
0.08814619282117894
0.9186053473376294
0.9423911745535888
0.6902252933996107
0.5638575591281197
0.9679391263520734
0.510732524617943
0.832806766265421
0.5150281044993819
0.8827065341722873
0.7059513298686073
0.9095500788698168
0.446639562013528
0.40548036335244786
0.7826698631890925
0.5513616525574494
0.3589165145519774
0.19328826891612655
0.8622047106682558
0.5304618207901404
0.45437327034735636
0.6962115541245179
0.9393115352434015
0.26765248605297975
0.6074707945232072
0.8406776478812296
0.36810364780879706
0.448348420880328
0.5856918370954616
0.8465919231614127
0.511608609982109
0.7421732138837672
0.5430725736774819
0.5617542888525398
0.786012164331915
0.7722314644261006
0.84987970868563
0.8573486981655195
0.11351135593977879
0.7172657331476109
0.693798822694326
0.5431223115739986
0.854335116723288
0.467649046661222
0.5950002998791533
0.7681325880144961
0.7315881331493619
0.07895812286477903
0.6906142111174569
0.6787415531020017
0.821506560810214
0.5234360742176616
0.9610677576647179
0.8017964647248448
0.24750854812082348
0.1365673126859531
0.13614339880633802
0.7248036729963051
0.6849916956109341
0.606177410507126
0.7914819065150885
0.9336845881970843
0.12377118343827592
0.41714681609646664
0.9508903733117953
0.19885292814167632
0.39109615057863983
0.690168179330052
0.4562070474821893
0.5735487042110227
0.42436181149093855
0.8324250806741843
0.6264578657395052
1.0000000000000002
0.8688148374983982
0.41547805929858456
0.9188765481265051
0.6227120601664036
0.7327428392611084
0.7014265970690433
0.7172657331476109
0.7493463293352196
0.5711151940670229
0.31094843698336055
0.5670036029141248
0.7108681983738181
0.28929553543226794
0.7806481254009402
0.7965259361924355
0.8959704714939987
0.5330351420744748
0.5493465978746962
0.5416533435076125
0.6914408056536676
0.7562865762028486
0.9526908535132983
0.5723961839678664
0.8056443807825664
0.5570508378825301
0.3662405332162458
0.5420088443397443
0.5100355310548843
0.4911643096703551
0.9364665893084134
0.39784605945239926
0.5993888160678045
0.5851195917368686
0.9800073614411174
0.16727230224592388
0.3331262034887853
0.9172716673562669
0.8495789035412655
0.10251429839392526
0.8602509614690002
0.855517325060792
0.7082629804755707
0.6218856046868981
0.28346007366876935
0.5697153864373143
0.13510585933336533
0.7574627336642622
0.599347994341959
0.32550213500489883
0.5487713507191267
0.554336016136379
0.4724939573421974
0.18925975984079563
0.5215984667274791
0.7113060729923084
0.8178108156930927
0.833058462098405
0.7107668670617795
0.6603198776221231
0.8360997078790802
0.21652769320890555
0.9434788692005297
0.8461760554892162
0.6595390443375085
0.7372356581479129
0.766310431103742
0.5662674967791381
0.8941078897082668
0.9611464862322218
0.785907041177933
0.09674394308974169
0.2726594789822063
0.853728596580503
0.782272245794756
0.35227982695505644
0.7875172917035218
0.48985591603707723
0.6859644819575386
0.9138459814753308
0.4133128822244669
0.7459808029359791
0.8456843262472451
0.10760297799782492
0.6027119648941421
0.9051994814975326
0.14949919811435136
0.6886546870743795
0.11792972513424027
0.5103331956899779
0.7929575007313932
0.6691260494430497
0.46701948334443355
0.6763962059513658
0.837730044591215
0.1206715758773642
0.9153638875867887
0.5948545281559323
0.9080855179945715
0.885951122421158
0.9071192398858143
0.8824720922036566
0.8616556981805336
0.9092544318167444
0.9559972803695455
0.9214980468336257
0.27887918580585563
0.3466723728754878
0.6122237598519334
0.7233065645682637
0.9197295615194621
0.6652680555113036
0.1429760912027156
0.5341934001858344
0.6984930021245719
0.7927112654025292
0.6567347291301828
0.9449537307462353
0.7441171690261793
0.721124102142878
0.19910632373681825
0.7743058511747429
0.8781558862072643
0.3843086189373607
0.841598865744307
0.807667625887647
0.9183969425468023
0.8263932533121203
0.6706096330462077
0.4611298383484187
0.5403081799580924
0.8643634568425229
0.8003490221250567
0.8615314878653572
0.8338613359076601
0.4217451464198195
0.8486436189774065
0.8606340098511553
0.47156730926353346
0.13249604269065493
0.6023027709254033
0.19325892765458602
0.7805330759453109
0.5886551221438889
0.21125454351744727
0.6444594756469526
0.7709191345316481
0.17582234923836582
0.38965553528472313
0.7849299260171716
0.7191247979751396
0.8670041949771297
0.12092662929762124
0.32379046540979084
0.6659208250194599
0.3870571794223077
0.7361568873731836
0.6981268535841241
0.9628688858743779
0.6326091075519573
0.2972343618191187
0.46115629111604595
0.7414485542607974
0.7280999866916837
0.7815137373000189
0.3537902799142671
0.5633532144484572
0.5796709019743007
0.9525316686427612
0.6435848766288834
0.6319770774960318
0.15450806336740272
0.17943586643780604
0.26157529822286263
0.6545561883321231
0.879901024287014
0.7709292597344741
0.6331058806469868
0.9018251403619204
0.5353537667196812
0.9255726249398075
0.9077748755154601
0.7724802634139629
0.4688994722101193
0.5275223729508463
0.8956310946991153
0.13492411462156353
0.39555576774466455
0.7667493807242287
0.21637696579890864
0.8530516033298612
0.3158561169690498
0.20625882701529535
0.531391593563101
0.5365110144622178
0.9183228153171779
0.49206132363049776
0.10063002863461852
0.4246498884736046
0.3861005739735407
0.527388969638559
0.4938654798816774
0.3296761133169658
0.577124281300943
0.21519122515450922
0.4880292466503545
0.6570669425566502
0.7484989058379203
0.8493640107484397
0.3132228423433404
0.8638815837965809
0.6034341349647941
0.8147125214969974
0.8182740998904754
0.609003083347404
0.7901628040590386
0.7815342847587011
0.9157038862168407
0.882841188764947
0.7704038180440491
0.750327299231868
0.9606853306644016
0.3423120116497167
0.6341524314064414
0.36288370035062323
0.5244214930123146
0.16073604710776213
0.2765426796728085
0.7602482499401215
0.5683804792526628
0.1646011361206151
0.8512444846967544
0.842388652322807
0.84402047979801
0.8393363688518733
0.15417443569789507
0.46244844091235443
0.872823558806464
0.14152815377640482
0.1171607791017336
0.9592736460645932
0.6794996648129806
0.5240694608983838
0.7237454319947132
0.49867623457300814
0.7767154255296025
0.7907776667322419
0.7322256492378307
0.6855221959473705
0.7439709991838697
0.5486568859825341
0.4770592066742556
0.46835066766276523
0.3445886397805511
0.6011056732681959
0.4287574182945743
0.7636200993233564
0.06016053216300611
0.42269079702385715
0.6358597132410315
0.9425330844895157
0.6868797789839544
0.7300292344736261
0.8420397240016538
0.582247805167962
0.7983052785389324
0.7600928062043418
0.6203115619952662
0.8615452583563572
0.5556024590054425
0.6984376301784214
0.4713046144900535
0.8819263451704944
0.4944117978869797
0.9506327873903626
0.783839622210332
0.8500820294117796
0.551805802624965
0.5990477695401998
0.6804339357817731
0.8999254423068317
0.7477053041072365
0.8341013259362071
0.40548684575183547
0.5594348258244937
0.35715707118246554
0.3832294525416763
0.8891702808694044
0.6058761951181618
0.09207156500260054
0.9069827022170593
0.7096672295962687
0.8339972463302922
0.5574084403752306
0.9261156492869766
0.8416282567042017
0.7594394400929964
0.17147138407656307
0.8443532187431626
0.6995210625831225
0.15326449685748486
0.35368078972446326
0.8460375540835409
0.5688308569138755
0.7019544200365724
0.530117978700982
0.5619331784341062
0.3529598638652381
0.8631998609332445
0.7605331831718514
0.931710429013427
0.3172072534542627
0.795510786646509
0.536389943042821
0.5322830260845047
0.597747075155274
0.12789072239579052
0.4494122444129913
0.7440564054449026
0.5479950121543642
0.5009182934137458
0.8565210646701503
0.9770133098398084
0.6648439582122987
0.8573711336406196
0.6412608028240468
0.792549842647857
0.3760547221499946
0.6624080834304282
0.5075729083078112
0.73125811660259
0.11450630329856105
0.9191589215531342
0.8297591033360869
0.6425120784641759
0.8225884043160347
0.8745632806604324
0.07651261719449338
0.9081959846327922
0.5485136718222443
0.43996710075248774
0.0729918490472866
0.6391261048014245