0.43661606
0.5878836
0.5698189
0.3908097
0.5266739
0.6424024
0.3764612
0.7146088
0.5494174
0.50992274
0.5987943
0.3844149
0.30666748
0.67225057
0.45249215
0.5316198
0.38533658
0.42605075
0.6400593
0.5869545
0.4987481
0.73638177
0.5904653
0.48590782
0.7051835
0.54751676
0.4925536
0.44590598
0.55784225
0.40461674
0.81657726
0.5689513
0.63622135
0.60983527
0.63751704
0.51210815
0.56496
0.6742555
0.60408795
0.4004677
0.592916
0.47628415
0.6577212
0.63381183
0.4428304
0.61677605
0.5564699
0.3056448
0.7647567
0.4106691
0.42731318
0.6002921
0.594373
0.6018959
0.26021573
0.6657655
0.453725
0.51143444
0.42327064
0.38376462
0.4894496
0.6947974
0.59567106
0.43079853
0.53861386
0.7138655
0.46796656
0.43885118
0.6349127
0.4529837
0.4575678
0.6145016
0.68045473
0.48151603
0.35890645
0.43333948
0.5103017
0.3308154
0.42074248
0.72379935
0.41118848
0.69193923
0.394602
0.6371113
0.2414061
0.4413757
0.69952923
0.56076497
0.46467894
0.2632414
0.73891056
0.29052347
0.37521523
0.3657894
0.47029895
0.47511014
0.4884408
0.4359038
0.41692066
0.58376586