0.64863527
0.7932905
0.6983712
0.18554203
0.22181655
0.56043434
0.39074987
0.7168923
0.5886189
0.5142051
0.41777772
0.35564068
0.27025917
0.6165677
0.4348691
0.68697065
0.26629335
0.24657543
0.7436286
0.63855207
0.54692304
0.7345481
0.6437326
0.23263943
0.846097
0.6705367
0.7414747
0.408088
0.76556087
0.5605844
0.8786553
0.60903037
0.7690619
0.56345755
0.5996941
0.5800087
0.6535124
0.77877057
0.6347399
0.38686532
0.53620344
0.6758376
0.801424
0.74743587
0.5689874
0.8018615
0.5791559
0.28418446
0.8869352
0.3137275
0.39289287
0.7387057
0.6886605
0.7085689
0.067634255
0.713839
0.5100838
0.57487434
0.26132855
0.34059083
0.69530064
0.774788
0.70057136
0.21490271
0.7089197
0.6033649
0.40523395
0.52609146
0.78191113
0.4553861
0.51509607
0.70685035
0.74580157
0.18516971
0.08025015
0.123460054
0.3299459
0.46307984
0.58713114
0.62703604
0.35248888
0.7809485
0.6033722
0.78893
0.12882034
0.6639453
0.7612386
0.76776844
0.6997366
0.09330129
0.7502503
0.3548554
0.4708061
0.6302819
0.30777723
0.4720639
0.61679137
0.38358688
0.47263935
0.67652947