0.1817862202084083
0.4295129034037822
0.20558790859415088
0.008017997861341207
0.2884232900184382
0.20150648875888597
0.03703988907497915
0.4238245734603852
0.2157410486546786
0.2977515452374536
0.18175279944586165
0.043945902957779094
0.0581961027542407
0.439433102323593
0.1461782747539591
0.15087422653782295
0.0
0.08419952038354774
0.4795221668346747
0.19192754317467234
0.15552968482590956
0.41126356156359417
0.31275950961104404
0.10864985680405438
0.418455137022948
0.3191148246157576
0.1791489335603721
0.09697408870614399
0.25385103823738786
0.009612677829383852
0.4853712033165023
0.19303425636544502
0.27994413631493464
0.2730534008722939
0.27906699243887767
0.23881281301573504
0.273073083039617
0.3797440623109843
0.3305281135035702
0.016535078470851804
0.16351734398582088
0.29852189357062586
0.3434948856581754
0.46045611593969904
0.1881380299845802
0.3552095288719045
0.15922149243208925
0.03112296828467207
0.5525706987287669
0.05121605633388713
0.2792677915783608
0.14922807493668133
0.2530363195072784
0.27330224068959996
0.023426748176617187
0.2932778475155364
0.19894031970273868
0.10997793817163516
0.014982642184909923
0.1463789817213321
0.315248172994549
0.24807540218033863
0.33020425405752696
0.1008975527394596
0.24732273270751448
0.31511208466831364
0.052447427267467386
0.01423929826039946
0.2869334913865572
0.2254939138919142
0.12778287477310923
0.4389977897316382
0.4208642509117804
0.06922935820071485
0.07820654955975054
0.10629185553527754
0.08679598538231391
0.05991105462129888
0.033150473971875066
0.22590914145995813
0.024139001780934775
0.1658280047413008
0.1766679195356217
0.32591476786288
0.02174180370426472
0.10483134373495329
0.17334895356362884
0.526047661390409
0.11766036481157673
0.03193430580896965
0.4359186331348008
0.02495248682092929
0.0
0.14187547113836468
0.09691677331500419
0.0
0.22147994035785992
0.07620226938988503
0.15728970798513947
0.38458354118915294