0.8673624
0.8366495
0.8361498
0.9513638
0.66943467
0.5586548
0.890274
0.79707015
0.047329474
0.6823487
0.9231528
0.31977892
0.77436095
0.91581887
0.84723383
0.9726583
0.7555307
0.97801244
0.94311875
0.90110505
0.894674
0.93229496
0.9459404
0.90461636
0.9899777
0.9006879
0.47107622
0.93006897
0.9820586
0.9957377
0.98753
0.997414
0.9109884
0.92221475
0.647052
0.88692325
0.08308421
0.91528684
0.7249784
0.7978669
0.8776173
0.44861096
0.8331066
0.5455655
0.022126287
0.6938459
0.7274255
0.9420339
0.90186167
0.9728291
0.7086159
0.094329074
0.812945
0.9612384
0.9190308
0.8951287
0.94045067
0.92122066
0.79347557
0.8830153
0.7288399
0.93195516
0.54654956
0.9305313
0.77471757
0.6120808
0.64442307
0.8867433
0.84186524
0.8687304
0.919664
0.6190455
0.90252817
0.9393147
0.91585946
0.6962808
0.6773209
0.86776626
0.96548307
0.88181734
0.7856321
0.93155473
0.8940083
0.94716084
0.8668858
0.76474655
0.66519415
0.56078744
0.68163776
0.9786276
0.9339551
0.92959195
0.95563066
0.94284755
0.5235435
0.869198
0.7295773
0.66152465
0.34230247
0.7919891
0.30058417
0.96331084
0.66416377
0.9662824
0.88562936
0.9230154
0.7594749
0.79052544
0.72511256
0.9964441
0.9787191
-0.01187584
0.85282445
0.87060034
0.70469064
0.9419186
0.9660007
0.834126
0.38239294
0.7914516
0.94125026
0.98468536
0.9151428
0.8613877
0.94355345
0.7190294
0.78578043
0.8697504
0.8679521
0.8847964
0.63395166
0.87231666
0.9412813
0.94571483
0.9137051
0.9323294
0.9539473
0.1594128
0.892284
0.6249672
0.955432
0.9344159
0.8821052
0.9686257
0.38253433
0.66689515
0.8116705
0.97315854
0.9729434
0.8516964
0.63015306
0.87066376
0.9337714
0.98498404
0.91895604
0.8196974
0.60588515
0.7523421
0.74775076
0.89776194
0.9290562
0.9737892
0.6092105
0.7387713
0.95399827
0.94062936
0.7758715
0.9476315
0.9531121
0.8127144
0.73693454
-0.006116887
0.9287159
0.97281426
0.83520985
0.93757737
0.69272125
0.7455119
0.9195812
0.7754599
0.9613837
0.78338194
0.8829441
0.8390784
0.8202119
0.9847288
0.7091142
0.95268655
0.9056891
0.54283935
0.8013556
0.38673967
0.64619267
0.9398255
0.9459404
0.62900996
0.97178686
0.22998816
0.9320067
0.9367081
0.72878635
0.8525472
0.9938209
0.93165696
0.73981154
0.37149835
0.8915464
0.81408554
0.7125535
0.6361785
0.76687694
0.925714
0.9628804
0.83571434
0.27060685
0.8925022
0.9387913
0.8395803
0.4338137
0.8483774
0.8969923
0.087704234
0.8944197
0.9640546
0.8907
0.9905119
0.60189515
0.9262209
0.6868776
0.5606986
0.83435047
0.5586636
0.673679
0.641734
0.24446833
0.80534494
0.74814427
0.815404
0.64259666
0.8360919
0.78401726
0.48260498
0.95979846
0.957973
0.36385435
0.44313076
0.76055
0.91149616
0.98528194
0.9286711
0.816287
0.96072495
0.99574137
0.8188356
0.69217384
0.3739995
0.8396636
0.91995966
0.9086293
0.66742426
0.93842244
0.7810614
0.8431467
0.98250616
0.960391
0.83326817
0.98179275
0.9092846
0.89296174
0.7581558
0.6812142
0.87962234
0.9439757
0.94176006
0.11330877
0.90448695
0.9576405
0.91837925
0.2764904
0.8243742
0.851843
0.9467334
0.40393907
0.8746347
0.7067194
0.8720937
0.8694934
0.9661025
0.9578135
0.6255211
0.7570412
0.8949452
0.8957778
0.950243
0.9221414
0.8868147
0.9434101
0.93637764
0.74487334
0.97054017
0.7783494
0.9161198
0.90759206
0.40672535
0.92681915
0.52144516
0.64182484
0.96546304
0.9419644
0.96099085
0.82042265
0.96939456
0.7128526
0.91871333
0.88528854
0.4673763
0.9126053
0.8255359
0.8631374
0.8966254
0.90770817
0.9177297
0.83939016
0.7289368
0.8141101
0.9961269
0.9002167
0.9497547
0.9290199
0.9623664
0.92265207
0.78043187
0.9339901
0.8194635
0.74421525
0.87489957
0.93277675
0.62400526
0.7739859
0.9701201
0.91818833
0.97965926
0.7154325
0.98591673
0.9042684
0.93740594
0.5571964
0.64817554
0.89992857
0.4206641
0.84870875
0.9940373
0.44381893
0.8371051
0.8691822
0.82450217
0.94999015
0.7295246
0.9293032
0.4209995
0.89185065
0.94630873
0.9628364
0.891008
0.92659754
0.8968383
0.9394578
0.96709174
0.9605422
0.9713341
0.78987515
0.7737525
0.9766444
0.56166136
0.9054885
0.8226875
0.6905308
0.4876781
0.8779266
0.7657568
0.9111737
0.93897223
0.24191548
0.8256482
0.8313067
0.5936663
0.95734274
0.7028315
0.9350798
0.82343715
0.9606133
0.8701014
0.8080764
0.7672881
0.93291914
0.87296134
0.87137794
0.8605578
0.604828
0.66425294
0.9847136
0.97135633
0.7106861
0.7398099
0.69914675
0.95166487
0.9875206
0.8686079
0.19784378
0.8015585
0.660681
0.8333847
0.23955002
0.7283855
0.8359263
0.8566948
0.83650017
0.6896999
0.8510928
0.94197893
0.8229485
0.73970395
0.97921735
0.8506187
0.5189968
0.6168784
0.85844064
0.95210177
0.9924965
0.9732566
0.9695491
0.7790092
0.9006904
0.7024271
0.54089785
0.8771823
0.7266712
0.7618121
0.81359464
0.82235646
0.36030316
0.5415103
0.26142788
0.9419619
0.78248614
0.8883864
0.8581375
0.93335766
0.8955218
0.96255755
0.59458566
0.20646241
0.69508946
0.033530682
0.7740318
0.9155525
0.8505541
0.9646243
0.95573366
0.9621871
0.8767443
0.8345604
0.7215221
0.93940866
0.6852136
0.9822646
0.9300153
0.9275747
0.9811765
0.9888346
0.9147116
0.8383854
0.9296313
0.8819204
0.9615175
0.13981652
0.8859162
0.9873869
0.5263338
0.67733836
0.93407416
0.68205345
0.8258061
0.8898488
0.6994681
0.7543191
0.19028136
0.9660125
0.81025505
0.5704825
0.8305664
0.94129926
0.6768335
0.1726563
0.8163129
0.93468654
0.8403478
0.9472691
0.8780051
0.6311196
0.95179737
0.8072335
0.9408142
0.8469564
0.98669004
0.9733477
0.9301049
0.5119904
0.9738008
0.65112084
0.9334047
0.82941455
0.95276695
0.5826701
0.9318952
0.5313627
0.56783056
0.90944785
0.94444835
0.2852743
0.9321025
0.8367492
0.801023
0.9585297
0.8400397
0.63454646
0.8618088
0.97227025
0.86600125
0.9749676
0.68347514
-0.064618975
0.8864424
0.9490185
0.98050153
0.47584307
0.7630985
0.8129863
0.67965835
0.95427334
0.6604781
0.92270166
0.9688809
0.76400304
0.981534
0.980839
0.94799614
0.64962053
0.9881109
0.95983106
0.92973685
0.91924405
0.68639255
0.9162387
0.8438153
0.6721725
0.75202346
0.3424555
0.7487897
0.9004532
0.99048054
0.6802124
0.94704336
0.9463287
0.8788048
0.8516021
0.89755523
0.9119239
0.32065403
0.8548879
0.6208148
0.9250289
0.25423032
0.9493157
0.97715366
0.9036533
0.92894983
0.87424767
0.89238787
0.88320744
0.7831295
0.85565186
0.5576647
0.79558295
0.85590714
0.90624416
0.9804243
0.918741
0.7854396
0.70143837
0.9792238
0.76433146
0.37171173
0.9299766
0.8720776
0.8830477
0.9672339
0.6753371
0.35833582
0.95397836
0.6202371
0.9427636
0.9356013
0.8509298
0.7897237
0.88059306
0.88402
0.9379413
0.24708219
0.93809265
0.59365857
0.780939
0.74389493
0.68582606
0.59101987
0.9626069
0.9478693
0.93651295
0.6090479
0.9270022
0.88907427
0.93786126
0.63003147
0.63246274
0.94457144
0.8499881
0.597769
0.7745645
0.9371991
0.8840316
0.6912458
0.95610714
0.84497416
0.9345547
0.84074694
0.9853685
0.788988
0.469486
0.667755
0.5277355
0.81832516
0.05870256
0.6756613
0.7632116
0.36406052
0.52680784
0.94489074
0.48753673
0.7385541
0.9726807
0.9613309
0.44628698
0.16411449
0.95117575
0.96033376
0.9112902
0.75964075
0.9820674
0.74609977
0.94793105
0.82407033
0.9509821
0.8649058
0.981412
0.6081027
0.7209429
0.95523894
0.85914487
0.5711238
0.4026369
0.9781589
0.8367852
0.8883388
0.85794467
0.9813511
0.65561485
0.8471962
0.9401583
0.56639725
0.77887195
0.86555016
0.93679106
0.795871
0.9091224
0.8536081
0.7349483
0.93830645
0.9489943
0.9483615
0.9345739
0.38572308
0.9085995
0.93317413
0.7781937
0.9489428
0.8546832
0.8092756
0.96342015
0.919563
-0.02614703
0.8923803
0.84071577
0.947458
0.77897525
0.98337126
0.92257434
0.6414459
0.46390295
0.4573597
0.9234571
0.89901316
0.8334098
0.87683046
0.99574137
0.6479829
0.8837419
0.97715783
0.46805567
0.7706558
0.9124239
0.73185676
0.8024516
0.54402375
0.9358045
0.8364636
1.0
0.96616805
0.6042491
0.9771449
0.81684494
0.89617777
0.901519
0.9085995
0.9069465
0.8233974
0.8413966
0.8365431
0.8028436
0.47534627
0.92535806
0.9200935
0.92393434
0.81603074
0.7707089
0.81915426
0.8127612
0.91924405
0.98151886
0.8684983
0.9266776
0.8957604
0.6264963
0.8239709
0.7926104
0.8243495
0.98927605
0.8590754
0.91201746
0.79428977
0.9875028
0.44892165
0.63663954
0.98306286
0.95585525
0.47861713
0.93512905
0.9593273
0.8849313
0.7888703
0.6364541
0.7351076
0.5679363
0.8973348
0.873966
0.58435804
0.88047916
0.84728414
0.6688901
0.7250599
0.877979
0.9232987
0.9314209
0.96611905
0.92671525
0.83793193
0.92602336
0.6498997
0.975313
0.9217323
0.8434039
0.9084796
0.9164698
0.9016402
0.910537
0.98513925
0.92338777
-0.011162184
0.67091095
0.91801834
0.9226839
0.83802193
0.94056684
0.859905
0.84659255
0.9763351
0.2880863
0.8847156
0.9527618
-0.014151167
0.9099259
0.97531444
0.14627859
0.9180895
0.5645227
0.8623065
0.9332022
0.8343005
0.74364233
0.91733336
0.94721234
0.50447303
0.96376383
0.8220679
0.96809083
0.96581
0.9743751
0.95154136
0.8866024
0.9407237
0.98658586
0.9681241
0.67075795
0.67150205
0.8430774
0.9110136
0.9935394
0.8547503
0.55447567
0.8218906
0.8809824
0.8255937
0.81310517
0.9725516
0.9201584
0.92644954
0.5168749
0.944154
0.965586
0.66462487
0.94237137
0.9295724
0.9727984
0.86343694
0.8019502
0.7540583
0.8551953
0.9652653
0.9563787
0.93623513
0.94976944
0.82345515
0.957973
0.93702275
0.8527354
0.48185664
0.8322913
0.14951095
0.9561261
0.85045457
0.57476413
0.8807262
0.9571467
0.5116879
0.7423235
0.89230883
0.905481
0.95924205
0.44112813
0.67487764
0.7066341
0.7539832
0.91987216
0.9155525
0.9961793
0.8791431
0.61320156
0.8154559
0.9212079
0.8987106
0.89508533
0.6535382
0.84304315
0.78858894
0.9863493
0.88616955
0.83061314
0.34118038
0.43085167
0.5928545
0.82042265
0.95484436
0.95813036
0.8651355
0.9819694
0.77032185
0.9844103
0.968279
0.94264734
0.6994225
0.8314
0.9500367
0.5577092
0.7554447
0.86034197
0.660952
0.9494215
0.79272115
0.23516844
0.87852585
0.7561808
0.97646993
0.7547954
0.23753619
0.79738593
0.73664355
0.81300056
0.8053153
0.7195732
0.8872602
0.53782845
0.8691822
0.816995
0.9211134
0.9358319
0.7595568
0.96281123
0.8250984
0.8940083
0.9580394
0.9236511
0.9879484
0.9281465
0.9711076
0.9518305
0.9251186
0.8615505
0.97507507
0.65745074
0.8296127
0.74306047
0.78941554
0.33061025
0.5164752
0.8835292
0.716241
0.30985585
0.941375
0.96314365
0.96215093
0.9650747
0.3265349
0.7456064
0.9587314
0.35096687
0.49901718
0.9786242
0.82479334
0.8459395
0.85769135
0.81007165
0.9144656
0.880606
0.887513
0.89728624
0.9124186
0.8663767
0.638464
0.7841555
0.69589907
0.86080694
0.7377009
0.92933005
0.11584748
0.7773681
0.8031959
0.9811855
0.79070073
0.8995224
0.90173364
0.844825
0.9574269
0.9512373
0.84065247
0.90038943
0.88163865
0.8693532
0.64553726
0.98371005
0.8372721
0.9828495
0.95721704
0.98981994
0.85825753
0.90266746
0.80097836
0.9682878
0.90049225
0.91023093
0.7087505
0.88912404
0.6650015
0.6017871
0.9638213
0.8832244
0.54023373
0.9217176
0.9126383
0.9116775
0.84340084
0.95413506
0.9707489
0.9254725
0.2831393
0.96230483
0.79487604
0.37687868
0.71506685
0.93455756
0.8754761
0.92115694
0.78498566
0.8682781
0.85329366
0.9397541
0.87563014
0.9827052
0.7607131
0.86217
0.85183704
0.6405872
0.81696254
0.37763932
0.8657935
0.90027255
0.7288515
0.7963786
0.9500251
0.99966615
0.88962615
0.8996138
0.82114
0.94621754
0.7486013
0.86750877
0.76569414
0.8738281
0.53170305
0.95691216
0.91130704
0.702077
0.95746803
0.9493035
0.38442937
0.9542179
0.84170914
0.81431043
0.32529038
0.85336965