0.22187483589643475
0.45819991887272693
0.24016254505901044
0.0
0.24474652005990552
0.2321570206253136
0.0
0.3365822520628865
0.17722291174623245
0.2925824937729947
0.2138070303994381
0.041364706111367784
0.03174960943210339
0.4641792897581884
0.15536400079852475
0.08925847765102501
0.0
0.0
0.46040437563550307
0.11017010601321693
0.17282600290833228
0.37113950538575846
0.3731272753885819
0.09431888702526771
0.4311761767323873
0.3677897455141589
0.19743469345082054
0.122360323329207
0.27873957673467276
0.0
0.5468977434893088
0.2070787467086209
0.2669468295811276
0.295480641325231
0.23638815364077195
0.2881760010697994
0.2521544121562403
0.36870814762844506
0.32782556808651697
0.0
0.15244995925002355
0.27460950748462526
0.47355943229680375
0.4864500101949574
0.16949087115833808
0.37278979124097733
0.14084259744403685
0.0
0.5834615706624662
0.038700719241092287
0.24396929364074466
0.1046758831367094
0.24310723350438504
0.3066274884951416
0.0
0.27393257585071307
0.24024758232371313
0.08668152851367152
0.0
0.1294818183659161
0.3172778441960866
0.2636650627319799
0.38393329754146555
0.07419461914369473
0.24583175626855613
0.2420907964577605
0.0
0.0
0.24734369581255122
0.27851428273102197
0.11373135129265957
0.45498552908227097
0.400607851483727
0.0
0.0
0.07401020677480101
0.07137592318304588
0.0
0.0
0.17271845249106424
0.0
0.18233918272263966
0.14295660992191161
0.31775214378973665
0.0
0.09202326480796866
0.22180516827079233
0.6177282192192879
0.08151821622584446
0.0
0.38591458012102503
0.0
0.0
0.1441706622661416
0.08055361137403454
0.0
0.1789519333124252
0.07758563604866078
0.19711063920343358
0.42312653265616734