0.9725902
0.78238934
0.8205767
0.959006
0.7285192
0.7595431
0.90050524
0.8366105
0.37821734
0.75557923
0.77042794
0.5392959
0.8297022
0.85037076
0.8216723
0.9417435
0.819347
0.9838435
0.90568113
0.88022465
0.734584
0.9014335
0.8090339
0.89626414
0.9632513
0.87665904
0.54296505
0.8908423
0.9606912
0.9944582
0.97010475
0.96617705
0.8364541
0.79471785
0.68889916
0.8433274
0.34522724
0.8332938
0.86352825
0.8868588
0.73992217
0.5747346
0.73103046
0.60838294
0.3745707
0.5775547
0.6804541
0.92448276
0.9076369
0.9524943
0.6566932
0.4783854
0.86399066
0.9286226
0.8615277
0.86322063
0.8781504
0.94934225
0.78413737
0.78389764
0.75871944
0.934028
0.6086236
0.89263487
0.7625745
0.6964836
0.64056563
0.900536
0.7732266
0.66956985
0.8982289
0.69237435
0.91951406
0.85524046
0.8279642
0.63990116
0.71013117
0.74453175
0.96027017
0.8406285
0.8058002
0.8523618
0.94584614
0.9606569
0.7924644
0.630949
0.84828454
0.7228481
0.6339929
0.9416237
0.87348765
0.97097194
0.9489004
0.9597533
0.6472347
0.7684097
0.8021606
0.64875305
0.39876208
0.8416488
0.6492281
0.95036995
0.36121333
0.91505134
0.95189315
0.8354463
0.7133509
0.7521639
0.6580732
0.8605513
0.9605385
0.4333916
0.88980734
0.7109436
0.7026643
0.90828806
0.9314387
0.7955615
0.61790717
0.7228972
0.8749845
0.9752809
0.892441
0.8712986
0.907223
0.862731
0.80763614
0.7105011
0.8172436
0.8050426
0.8800185
0.8589544
0.9554314
0.8949153
0.8769635
0.8494607
0.97221947
0.4834339
0.87297475
0.73034495
0.8957758
0.93276703
0.866429
0.86728364
0.6201364
0.6206412
0.8596375
0.9539311
0.97091
0.69766855
0.79063
0.8576947
0.9001799
0.96745986
0.92359567
0.66867155
0.6299678
0.7569859
0.7108449
0.74284554
0.9074044
0.9469037
0.59424424
0.68097156
0.9343461
0.905142
0.8186483
0.74379206
0.89979136
0.65804976
0.60516965
0.45223364
0.8172852
0.9789828
0.7800112
0.9255285
0.79218966
0.8475754
0.87707245
0.6965107
0.9268935
0.7204041
0.6680783
0.7661842
0.81268054
0.9845737
0.7494553
0.9685956
0.9006003
0.63125944
0.6991776
0.46940345
0.75617605
0.8494785
0.8090339
0.63579696
0.90598977
0.51463336
0.93167186
0.82838875
0.6801208
0.95457363
0.95634794
0.92937493
0.79418486
0.62683535
0.7652794
0.7742786
0.4710223
0.666399
0.81606686
0.8076571
0.95284796
0.8146429
0.74669015
0.8686032
0.8600539
0.86828905
0.49778974
0.73678505
0.913111
0.38888037
0.70884323
0.8870395
0.8538228
0.9852342
0.5855369
0.8996492
0.62424254
0.5838419
0.7762363
0.56171143
0.73920196
0.59338903
0.5672386
0.80317295
0.6793015
0.83190984
0.591795
0.70014966
0.68764037
0.6212027
0.9419539
0.91232395
0.39277548
0.64854974
0.70736253
0.77803314
0.96544385
0.80050164
0.6597951
0.9591279
0.96725035
0.84064376
0.6496927
0.4674977
0.81439286
0.7925794
0.8157363
0.745013
0.9123567
0.6874169
0.8377284
0.8761244
0.9250753
0.79861146
0.9488418
0.9093602
0.8011323
0.6844777
0.6904862
0.80591303
0.88013464
0.942145
0.45023665
0.88093257
0.9035895
0.88078666
0.5529468
0.8642907
0.7790396
0.9042264
0.43525577
0.8017384
0.618024
0.8327638
0.9054979
0.9439279
0.93355024
0.7871655
0.7647609
0.7798091
0.7749171
0.9084228
0.9392756
0.86409175
0.9066888
0.9722831
0.80122626
0.9337965
0.87061214
0.80803156
0.89381313
0.6518531
0.8776327
0.6104841
0.5409559
0.9396968
0.97967964
0.9195477
0.8732235
0.9845115
0.4166191
0.89340854
0.90236497
0.63806933
0.84700465
0.81010133
0.8954563
0.7800615
0.9607973
0.93220305
0.7978394
0.6590626
0.79759294
0.98068607
0.850849
0.94717777
0.8870095
0.9767776
0.91961676
0.78668547
0.90896666
0.80058235
0.75472224
0.7676823
0.90641665
0.60278285
0.78482544
0.877161
0.89996374
0.92744184
0.8376975
0.9681402
0.9031384
0.95693064
0.65989697
0.6820452
0.9575449
0.7107378
0.7887045
0.99178904
0.5854062
0.7916412
0.8371968
0.8777355
0.9400206
0.6709343
0.9750298
0.5894454
0.8657414
0.9150055
0.97171557
0.8601803
0.8059597
0.82502353
0.8193866
0.959239
0.9078194
0.98622
0.6507568
0.76632047
0.9560365
0.7142253
0.90416235
0.76246893
0.5491276
0.5638131
0.8451662
0.76517856
0.9065074
0.9413246
0.54163194
0.8525727
0.8295532
0.6427197
0.9559746
0.742595
0.93901587
0.85380745
0.9257336
0.90284145
0.73042166
0.75937897
0.8438229
0.7974012
0.77790534
0.82265925
0.7469846
0.64612794
0.875153
0.9359741
0.6533855
0.6996378
0.7803122
0.90419286
0.96468306
0.85881066
0.5051969
0.56965756
0.707069
0.9324627
0.5043252
0.6454598
0.63320357
0.8412688
0.79963803
0.58884966
0.8214223
0.87104654
0.82261586
0.8144766
0.9793558
0.80500317
0.39052272
0.6556917
0.77724576
0.9196784
0.9825599
0.9611132
0.9428311
0.723819
0.8655246
0.62296116
0.6381355
0.9045955
0.6607498
0.6017226
0.77979386
0.76938105
0.6022536
0.4069041
0.67328626
0.8941728
0.7631266
0.7321661
0.90283465
0.9025943
0.9750299
0.8987111
0.6797887
0.45839173
0.7762226
0.36744076
0.8871609
0.9512565
0.93758273
0.96319276
0.9511954
0.9456755
0.9152974
0.78565717
0.7524282
0.92124164
0.72974825
0.9146185
0.7384063
0.8863877
0.9726367
0.9913757
0.80956066
0.83292854
0.7983241
0.8969291
0.88901454
0.45561752
0.8921
0.9316824
0.66426754
0.77802646
0.88884217
0.72810197
0.67015165
0.7011908
0.8421343
0.7631206
0.5794511
0.97405857
0.8200102
0.6412088
0.79167295
0.9201902
0.69514704
0.32861498
0.6584978
0.9206208
0.8132219
0.7191216
0.8856108
0.8042505
0.90731794
0.87729394
0.9029329
0.83760595
0.942199
0.9279157
0.87476563
0.614344
0.9565185
0.6133771
0.8569857
0.6512531
0.8186611
0.693513
0.96659213
0.49649802
0.601359
0.92019796
0.9418
0.5364811
0.90854543
0.7320349
0.80811787
0.964795
0.89328754
0.5999975
0.74820065
0.97617805
0.8656506
0.953528
0.66956556
0.37840065
0.8918296
0.83371305
0.99556535
0.61587495
0.70498794
0.80183893
0.76809555
0.919492
0.77656156
0.9178354
0.9551833
0.814005
0.9392698
0.99217963
0.91591805
0.69862723
0.95345545
0.9418379
0.9224035
0.63674664
0.6143261
0.9285406
0.775296
0.49365973
0.6768078
0.6533871
0.72010773
0.8517518
0.97693646
0.7774224
0.9495323
0.9008518
0.81937593
0.85841197
0.8782412
0.79153097
0.6437063
0.8169944
0.64912456
0.8711475
0.49240232
0.8990905
0.9126502
0.851129
0.7969483
0.7868991
0.8583878
0.8630334
0.6077986
0.8380223
0.6745933
0.75230145
0.8337741
0.89320284
0.95932883
0.93039876
0.8291222
0.7246886
0.9598774
0.8025963
0.53754896
0.87871534
0.8888043
0.8800739
0.89671975
0.66700274
0.55748737
0.9246988
0.74797165
0.94307
0.9299114
0.7289258
0.8389883
0.86503595
0.9563599
0.8984406
0.48710066
0.9381936
0.66121554
0.7895491
0.846504
0.7351944
0.6641781
0.9346144
0.97489476
0.8943009
0.57261276
0.9052168
0.42949364
0.9469915
0.7332915
0.7893814
0.90933526
0.77054965
0.6127179
0.7071548
0.9237005
0.84951764
0.70221615
0.88677764
0.7978142
0.86758834
0.65332747
0.95052963
0.71146846
0.6134368
0.5873215
0.6696178
0.83288723
0.45416313
0.5513267
0.81763446
0.6069754
0.6227814
0.8927288
0.5086625
0.7853379
0.9199531
0.85308635
0.55861306
0.46453273
0.93291163
0.88757426
0.8984163
0.61134076
0.8530971
0.807096
0.9542922
0.8853408
0.9498943
0.813962
0.9740485
0.7356042
0.75227696
0.6283667
0.62973976
0.67791283
0.5931681
0.97698355
0.8792218
0.7765353
0.51514494
0.9300249
0.73882836
0.8436886
0.89777684
0.6030128
0.7841167
0.8760327
0.83559084
0.9281979
0.8342836
0.85702765
0.7743064
0.9284392
0.91994727
0.9239955
0.8961645
0.5096552
0.9603456
0.9385745
0.79548264
0.96262
0.59168845
0.8599287
0.9671382
0.9868847
0.45957863
0.84122545
0.78166103
0.870659
0.68114
0.96802145
0.8747301
0.6564982
0.6618996
0.6654316
0.8517604
0.8921977
0.75340676
0.97607553
0.97631824
0.5927912
0.8033818
0.985644
0.6620106
0.83116907
0.7997087
0.51239103
0.83310217
0.7672851
0.933441
0.6376799
0.88057613
0.96309376
0.68108225
0.9590739
0.7888423
0.8675227
0.7824576
1.0000002
0.8777606
0.8164374
0.7415199
0.8894856
0.8134615
0.67727697
0.83304924
0.78123796
0.8908974
0.60915905
0.7768843
0.9170093
0.71124
0.4981932
0.9602815
0.83029103
0.9105333
0.90917027
0.7428677
0.7840123
0.721714
0.7794749
0.98054534
0.838552
0.88897043
0.67522544
0.9658407
0.52048975
0.63859457
0.9591972
0.9358895
0.52251655
0.9438702
0.9162854
0.8521436
0.7251686
0.7263879
0.8523804
0.69421136
0.7783363
0.7817353
0.7721367
0.8696038
0.8009354
0.75555885
0.73774225
0.89930135
0.86153066
0.8162616
0.96820456
0.8164049
0.84245914
0.92372084
0.5625954
0.989404
0.9017375
0.8677392
0.8665767
0.88654
0.90389127
0.8661976
0.9929135
0.9162387
0.475674
0.7295482
0.9243789
0.8524872
0.64702946
0.93658435
0.8597479
0.78743553
0.93813384
0.7972132
0.902949
0.93553096
0.4200067
0.91437423
0.9337214
0.47482798
0.7512947
0.6716419
0.88742554
0.9147254
0.7600504
0.8664632
0.8603132
0.96140826
0.647524
0.96226484
0.81833315
0.9715035
0.9667873
0.9794955
0.86890364
0.8071196
0.8868878
0.9842874
0.9538021
0.68736005
0.7703542
0.7033243
0.8460507
0.9635051
0.8297744
0.59048915
0.85180616
0.6718824
0.8189579
0.7412764
0.9329111
0.930511
0.8540603
0.709387
0.88774043
0.9550246
0.78953815
0.92221683
0.9588708
0.97925526
0.80225086
0.90355873
0.7420099
0.7636042
0.92566794
0.9225728
0.92425317
0.90704674
0.8245341
0.9246222
0.9368534
0.78836894
0.6261574
0.5050988
0.43577436
0.9531865
0.8205644
0.64268714
0.66489387
0.944832
0.45957586
0.8343169
0.9380481
0.78991985
0.94799334
0.6629838
0.6734421
0.7298964
0.78542405
0.8047703
0.9337499
0.996096
0.81880075
0.6888763
0.8776702
0.8891534
0.9011979
0.8349825
0.5106729
0.8652304
0.7020438
0.9700225
0.904074
0.85532117
0.58437705
0.43708968
0.6441359
0.87684613
0.8553662
0.9162216
0.821121
0.9714353
0.8398811
0.9839637
0.9623934
0.93449295
0.6410755
0.77628416
0.9664991
0.4171873
0.69199824
0.8617694
0.72596216
0.9539058
0.81018627
0.67796504
0.8172972
0.6116969
0.9690667
0.6865194
0.5091996
0.7294523
0.69535094
0.7051617
0.86319256
0.57581127
0.85057443
0.57708156
0.84704614
0.83463395
0.8114707
0.92625594
0.7349788
0.91866934
0.87210244
0.94581723
0.93284017
0.927981
0.9162905
0.8847841
0.9558809
0.9002453
0.8769648
0.80727464
0.97160333
0.78163743
0.37514615
0.77441883
0.7784187
0.58193684
0.4978758
0.78544927
0.3687189
0.41220078
0.92637134
0.97251284
0.9197884
0.92240965
0.62854993
0.74884146
0.9066986
0.4523699
0.5387705
0.9674436
0.8750492
0.860534
0.8729002
0.7857139
0.7636867
0.90704703
0.8057064
0.86585057
0.90866786
0.8937935
0.65408295
0.718062
0.6346533
0.817608
0.6386062
0.90904176
0.4726057
0.7225254
0.7670455
0.9578635
0.7302521
0.84966147
0.82991695
0.90989256
0.90720654
0.8885442
0.81607866
0.89397395
0.8029139
0.8945501
0.74761677
0.97575843
0.8843805
0.94986254
0.9453584
0.9973526
0.78843784
0.6841403
0.78832746
0.92059803
0.8515485
0.9185998
0.6077026
0.85516477
0.82513493
0.58004797
0.97798955
0.8956148
0.57987636
0.94335496
0.8761272
0.8707946
0.842901
0.94621927
0.9412743
0.910653
0.4961766
0.8690517
0.7752818
0.5937513
0.66518533
0.9360932
0.7672024
0.8094335
0.88283837
0.76758957
0.7865279
0.9125354
0.9327655
0.97255576
0.51139563
1.0
0.66287184
0.37797815
0.71979034
0.5052396
0.88636434
0.925025
0.81705105
0.8662324
0.85544413
0.8578096
0.81533206
0.9105336
0.75836635
0.86684144
0.78488433
0.86599195
0.8083187
0.7942443
0.61432564
0.8753183
0.8263358
0.5971669
0.9714919
0.9353604
0.4014485
0.97016865
0.7940397
0.77218294
0.5804359
0.6937321