0.95215076
0.74244654
0.7501668
0.8786552
0.57466644
0.61987805
0.7365102
0.7970128
0.28666633
0.83332086
0.93243384
0.39275602
0.6476129
0.8947288
0.87489307
0.9283656
0.7075542
0.93703425
0.84965146
0.9079221
0.9606315
0.8374872
0.8793615
0.95547575
0.8761054
0.9139282
0.577703
0.8565432
0.93230695
0.9690857
0.9377619
0.99703884
0.82996386
0.8332902
0.6399519
0.8590323
0.35124722
0.87989783
0.76169884
0.7213608
0.7682017
0.37827814
0.7898725
0.5926083
0.32860184
0.67460144
0.81500447
0.8884784
0.79892737
0.931521
0.82724786
0.3617653
0.8016074
0.948336
0.8463155
0.86869776
0.8822601
0.9886367
0.7553474
0.95365787
0.5203621
0.8537947
0.53635114
0.7853044
0.9059569
0.63038635
0.71353436
0.88168496
0.80531514
0.7056625
0.8977233
0.7368915
0.83371735
0.87708044
0.9029814
0.5912229
0.7022996
0.8284389
0.9810919
0.9523051
0.7080612
0.91530955
0.8639806
0.92087823
0.85192657
0.4952982
0.74097276
0.5091576
0.63852763
0.9580878
0.8574808
0.9739951
0.8252658
0.9313664
0.51302725
0.8027154
0.67735505
0.6851481
0.573716
0.82849956
0.46741524
0.92758536
0.761799
0.9819175
0.92396045
0.9080113
0.7667486
0.73445904
0.64821726
0.9567034
0.90998435
0.31281534
0.91774595
0.7575901
0.65770173
0.9251778
0.8928665
0.81998944
0.5620644
0.64870465
0.85963595
0.94095755
0.79996157
0.6629887
0.92002
0.54365647
0.8954407
0.8834419
0.7441822
0.86239684
0.86806315
0.9324539
0.8667969
0.87879777
0.84847397
0.88421607
0.95029116
0.4268166
0.93138933
0.5969063
0.91563094
0.8983336
0.92232895
0.8822316
0.57431567
0.77607656
0.8698536
0.9431009
0.9375486
0.70219207
0.84735394
0.90413225
0.8448022
0.9965582
0.87203085
0.8010335
0.6111721
0.7575789
0.62481785
0.8338146
0.859033
0.9423933
0.49897197
0.7745489
0.84479934
0.91253936
0.6361483
0.7186767
0.89191675
0.689437
0.6409091
0.30783543
0.8676555
0.96414506
0.70861113
0.89119285
0.8841132
0.8308177
0.8852418
0.84529436
0.8759747
0.8555125
0.8095679
0.7889464
0.7861421
0.937
0.61357236
0.8247142
0.9160545
0.4923176
0.74282587
0.53358185
0.8525876
0.8852412
0.88075745
0.7424871
0.9762475
0.24590285
0.9120951
0.8482007
0.8127146
0.87923396
0.996656
0.8439112
0.64485
0.685217
0.79480183
0.8750595
0.8661773
0.5345438
0.7648555
0.85964704
0.9681704
0.6883983
0.53727597
0.85415906
0.80296856
0.63899213
0.5311688
0.75173116
0.78328454
0.35851425
0.7521362
0.9016527
0.86873114
0.9513749
0.45565462
0.8598083
0.6965676
0.633109
0.8152063
0.6587106
0.6336976
0.558091
0.5796977
0.8238327
0.7564365
0.701081
0.62497014
0.7833692
0.79914606
0.36598194
0.94478965
0.91289735
0.29651108
0.5963759
0.7397895
0.8548297
0.94126445
0.7912362
0.74467546
0.9245342
0.9928907
0.57676136
0.6040735
0.30826128
0.7701447
0.9184926
0.8247026
0.8055469
0.9016259
0.85084224
0.84685636
0.960312
0.87388587
0.8262106
0.997558
0.8212181
0.872403
0.7892432
0.63159966
0.8361598
0.9965304
0.9163109
0.36143407
0.780229
0.9416298
0.92125875
0.42884034
0.7557704
0.86214936
0.8438221
0.43872735
0.70467067
0.8062397
0.8578336
0.7471434
0.9305943
0.88196295
0.57628626
0.78665936
0.8324851
0.8423676
0.877039
0.87455106
0.748667
0.89176553
0.92736894
0.7833773
0.8903346
0.6207075
0.8681849
0.70107234
0.44293767
0.7787681
0.5255969
0.61495906
0.9562396
0.9254185
0.9162511
0.8183318
0.9519067
0.6968481
0.81505275
0.9162911
0.604099
0.69754624
0.658205
0.96712625
0.9402791
0.9031351
0.9394796
0.7321359
0.6112633
0.8028984
0.8804365
0.85410506
0.83159304
0.89518994
0.94507194
0.84466946
0.7925017
0.8265542
0.80135643
0.62682205
0.70102173
0.9268297
0.6138334
0.7175662
0.89724046
0.82908416
0.92775047
0.60144854
0.9475778
0.8298785
0.89538527
0.63843167
0.8384107
0.92528796
0.7244148
0.80730677
0.996617
0.41960853
0.7411085
0.78413093
0.8499926
0.9396305
0.81060374
0.91156584
0.46791118
0.8677619
0.8584803
0.97576207
0.7364403
0.8682823
0.8791284
0.91559327
0.94827116
0.936695
0.9329227
0.72975796
0.7331866
0.91762185
0.6232958
0.8203347
0.9054467
0.7432871
0.56044537
0.7997737
0.6125959
0.79194075
0.88921595
0.48888862
0.7384545
0.837592
0.54144233
0.9915905
0.7510709
0.8873913
0.7826667
0.9226734
0.75367916
0.596034
0.744758
0.88583267
0.7899169
0.8487488
0.89480495
0.71589714
0.520756
0.9835136
0.8967873
0.56696314
0.70239866
0.8284893
0.87434673
0.8757347
0.8219929
0.47994328
0.7072401
0.60205483
0.8322926
0.35899863
0.76383543
0.6244769
0.6489673
0.88477206
0.6786339
0.80668926
0.96783566
0.81149065
0.9013467
0.9637817
0.74651414
0.47675768
0.4668352
0.7845095
0.9265037
0.97066873
0.96091545
0.8842164
0.7742905
0.8365656
0.5692713
0.4877622
0.8505619
0.756804
0.70957655
0.82217914
0.76146626
0.4278711
0.4929313
0.36319607
0.84902066
0.78708476
0.8895254
0.7676286
0.88028854
0.92284864
0.6795313
0.5886795
0.38913018
0.893353
0.3476529
0.8022639
0.8972062
0.9045961
0.9504055
0.8549465
0.92349416
0.87562525
0.8669721
0.77355695
0.8238759
0.69317365
0.9529493
0.78410923
0.89943314
0.9638351
0.9712934
0.89836925
0.6367849
0.9333681
0.8705898
0.9125613
0.31623936
0.92161304
0.946356
0.53091437
0.61036646
0.875405
0.7901981
0.90021884
0.8004913
0.70006037
0.74117947
0.35593152
0.9330654
0.8044385
0.4994804
0.7938584
0.978178
0.5473306
0.35741988
0.6889595
0.9309025
0.6926294
0.9038099
0.7945053
0.848539
0.8895211
0.8124095
0.87433285
0.887445
0.9667273
0.9706632
0.885218
0.44888845
0.9675524
0.60760987
0.9019547
0.5862416
0.9290321
0.5269379
0.94184244
0.57792515
0.6467587
0.8935386
0.88940567
0.38227132
0.8572979
0.7271004
0.81614405
0.9340698
0.77420855
0.7035326
0.82045066
0.93952405
0.84754944
0.9971344
0.7560849
0.30259547
0.8661015
0.8639882
0.99615407
0.5975276
0.58069295
0.73874533
0.5797635
0.9417537
0.6483126
0.93822265
0.8642237
0.8039241
0.89094603
0.96427697
0.913955
0.39962474
0.9912539
0.8799559
0.9547318
0.7429106
0.73222303
0.8698816
0.8888499
0.33353382
0.6898749
0.35484615
0.6868435
0.9212531
0.9821447
0.7599929
0.83174354
0.8779662
0.90555763
0.80154294
0.84776884
0.849692
0.46200097
0.8686484
0.521207
0.94719136
0.48523557
0.8686867
0.96784174
0.8568857
0.85642993
0.7030717
0.7014637
0.8958551
0.76995313
0.7753774
0.5543161
0.7664995
0.8321721
0.83071214
0.9799547
0.90202415
0.747495
0.7774412
0.9338635
0.7877499
0.42003405
0.91375065
0.8329097
0.77197206
0.8379974
0.7165572
0.57648766
0.9475031
0.79175484
0.9297886
0.855711
0.78003883
0.826892
0.9314134
0.8874554
0.9268555
0.37500975
0.9194653
0.52777547
0.6892047
0.8060155
0.81305397
0.7109164
0.980544
0.83223945
0.8375425
0.49447814
0.8638864
0.8910444
0.92534304
0.6920345
0.67836094
0.88987345
0.8095919
0.5923712
0.82184935
0.73183227
0.7792267
0.63576525
0.93840545
0.8237652
0.83224654
0.75382733
0.9562707
0.585921
0.62726736
0.5741956
0.57678413
0.5267705
0.3360077
0.6470097
0.690575
0.5236168
0.43875384
0.8864683
0.5357305
0.6285659
0.9771334
0.887357
0.52204514
0.30366117
0.8916912
0.901538
0.68219405
0.8158057
0.9890977
0.8443103
0.881641
0.7016782
0.9193381
0.7965419
0.94980943
0.7629019
0.7736633
0.91198146
0.8615799
0.8239477
0.5586713
0.92655545
0.69344425
0.81670964
0.75933135
0.9923662
0.63804126
0.6872657
0.85995364
0.72204286
0.6621137
0.9000099
0.9696163
0.9069096
0.8177217
0.620798
0.79513294
0.80617774
0.77831733
0.8719883
0.8309721
0.47945935
0.9664419
0.814154
0.8580551
0.9377751
0.6677704
0.6621305
0.8903211
0.9367025
0.4261142
0.8950236
0.7815202
0.9355711
0.807868
0.9355334
0.8009136
0.6228971
0.66068316
0.41724187
0.8665252
0.6966846
0.81756717
0.88869464
0.9938798
0.7247727
0.8287398
0.96594065
0.49541366
0.6677811
0.8544828
0.6795962
0.7280929
0.6721631
0.90287304
0.77952427
0.9964397
0.93160886
0.71410495
0.9576609
0.7579476
0.8459439
0.8039041
0.9650931
0.77798915
0.90602183
0.6839037
0.7918538
0.8059346
0.60968316
0.7228293
0.9078808
0.91170764
0.770053
0.83226794
0.76334786
0.9170379
0.7411119
0.9138094
0.8494705
0.836274
0.66231626
0.847272
0.7714639
0.902387
0.6795362
0.98337793
0.8216181
0.7586897
0.8152922
0.97594047
0.48770696
0.6080712
0.96696997
0.9605249
0.71202445
0.9728696
0.89842224
0.83980966
0.76835763
0.5592485
0.8118603
0.57293904
0.7815664
0.832918
0.59509015
0.7464653
0.8562802
0.830244
0.57692546
0.75157726
0.9137951
0.8051529
0.90942216
0.7720386
0.77570826
0.8346752
0.5608065
0.96534896
0.958954
0.8332987
0.878209
0.9066673
0.77827847
0.9400754
0.9688067
0.8775834
0.27794707
0.63203055
0.9764651
0.81633455
0.63686115
0.8976209
0.75820947
0.8618711
0.8960346
0.6302699
0.87440443
0.83449507
0.409827
0.74832106
0.9562447
0.32309878
0.8545127
0.5005342
0.7432538
0.8902483
0.91435355
0.70429546
0.8165995
0.9405077
0.50024325
0.99067396
0.81124216
0.9676968
0.97600806
0.8482863
0.88984674
0.88835293
0.9239805
0.9817581
0.9419116
0.7148855
0.6053967
0.70913124
0.9129368
0.9638931
0.87693083
0.44431227
0.71464074
0.7000211
0.9449847
0.7806474
0.9052898
0.91688347
0.9134805
0.571887
0.8729131
0.9745287
0.64962846
0.8849894
0.9088254
0.9540973
0.8660331
0.8225734
0.7744589
0.8181523
0.94224644
0.7864197
0.9311204
0.84326625
0.6688967
0.91091985
0.84284234
0.76944613
0.5187343
0.73215604
0.40322703
0.8685628
0.63582027
0.5527077
0.81093633
0.88241327
0.5042869
0.7146294
0.89635164
0.86725223
0.88773364
0.44933444
0.5898565
0.82035756
0.72227883
0.88750523
0.89628994
0.9869006
0.79543674
0.57071054
0.6260814
0.6814754
0.91210955
0.9106859
0.67748725
0.8616847
0.819817
0.9901855
0.7538532
0.86087817
0.5425191
0.6444744
0.48955286
0.81226337
0.80789745
0.974723
0.7432088
0.96031743
0.8259268
0.9131896
0.93880236
0.84075034
0.7447995
0.7700242
0.9098035
0.6592206
0.55290604
0.7788381
0.63900715
0.93586695
0.59574556
0.37426102
0.8434244
0.8124163
0.9630506
0.7925619
0.5118932
0.74568677
0.65824485
0.86311585
0.6544456
0.7089647
0.79651505
0.5455011
0.7873081
0.6963562
0.92673177
0.965176
0.58737177
0.87792933
0.7998031
0.8620854
0.97769237
0.79005754
0.9967847
0.811079
0.91480726
0.9270843
0.90422046
0.811841
0.91554636
0.62025297
0.8477545
0.7177614
0.83403665
0.44730568
0.7800054
0.77639055
0.7386335
0.42714953
0.83707726
0.91541135
0.86385703
0.913682
0.43593344
0.8163166
0.9713306
0.32181817
0.56363094
0.95523673
0.79965436
0.83939147
0.87799597
0.76115394
0.8699713
0.76104283
0.8388751
0.8700615
0.85320854
0.7301041
0.67735475
0.73190105
0.62108564
0.7155595
0.7064222
0.8389616
0.32752305
0.80382854
0.74196386
0.9921328
0.6876878
0.9350456
0.8743023
0.78908515
0.90484965
0.95048916
0.8941084
0.8658875
0.7771563
0.9217515
0.65222394
0.9481272
0.632625
0.9948809
0.90327644
0.994662
0.83603704
0.7102282
0.79914033
0.8503188
0.72630596
0.8709948
0.7033706
0.68565834
0.7193194
0.51560867
0.9857269
0.6540607
0.4574541
0.9073014
0.92785335
0.9525782
0.88907313
0.97892004
0.8775141
0.9346172
0.3814672
0.9497675
0.6852308
0.39616776
0.682736
0.9328395
0.8014432
0.90157545
0.7514603
0.89126503
0.6529656
0.90906227
0.8293154
0.92093945
0.51715696
0.9167922
0.7543933
0.83233094
0.81165636
0.43991047
0.6324142
0.8906733
0.7402171
0.85908484
0.80835307
0.99666
0.849629
0.86844754
0.77616096
0.7203833
0.6606463
0.7372608
0.68625784
0.83204436
0.5249978
0.9678427
0.9204807
0.85669756
0.9718268
0.97772515
0.46231169
0.9525871
0.82990646
0.6978779
0.3653351
0.79939854