0.99374205
0.9502628
0.97492224
0.990348
0.9322264
0.945752
0.9820943
0.9610575
0.8739633
0.928302
0.96704274
0.8794059
0.969481
0.9891862
0.9338846
0.9930904
0.95598054
0.98645675
0.9817705
0.9541537
0.95041764
0.9779179
0.94475406
0.9615386
0.996452
0.983099
0.8944202
0.98614573
0.99002266
0.9969749
0.9963586
0.9951587
0.9825415
0.9781503
0.9264611
0.9400096
0.8269418
0.9741937
0.9663836
0.9193745
0.9416138
0.87267375
0.96881914
0.9121111
0.87922317
0.92289054
0.95618916
0.9853341
0.9776583
0.9826554
0.9192255
0.8544779
0.9586145
0.99299455
0.975672
0.971072
0.99085987
0.9721985
0.9697283
0.9739959
0.96025026
0.97683585
0.9254941
0.9817813
0.92653745
0.913343
0.9183217
0.97964966
0.9735153
0.95654213
0.96244615
0.9392485
0.98694396
0.9854577
0.9718196
0.9493364
0.8991243
0.9723187
0.9886343
0.97412485
0.95350355
0.9862955
0.98390853
0.9958569
0.98276687
0.9283793
0.93158007
0.9049142
0.91598845
0.9933566
0.98047173
0.99609816
0.9925383
0.9760695
0.9409548
0.96702135
0.9540984
0.9530266
0.8353492
0.943107
0.89412725
0.9853441
0.75410414
0.98175496
0.9820268
0.9617578
0.9351373
0.9488821
0.9298204
0.98662686
0.99345124
0.83898365
0.9879528
0.96112937
0.9408553
0.9914252
0.98771137
0.95748067
0.91756904
0.96202385
0.9685893
0.99354887
0.9841683
0.97233
0.96992373
0.9612737
0.9787094
0.951067
0.96531016
0.95623535
0.97034043
0.96921736
0.9770076
0.9842582
0.9783899
0.97758603
0.98936886
0.8649899
0.9845953
0.9288351
0.9907037
0.9904817
0.98028636
0.9812211
0.8628131
0.9483788
0.96517515
0.9950637
0.9961297
0.92892194
0.9540886
0.9821799
0.9823611
0.98713195
0.99148995
0.95486236
0.93700594
0.94020414
0.9159486
0.9673368
0.9841417
0.9923766
0.8949862
0.9541011
0.9831883
0.9826577
0.96856034
0.94682336
0.9874228
0.9245609
0.92671865
0.87454385
0.96334994
0.9911847
0.9793128
0.984727
0.9306612
0.96483916
0.95349836
0.93560994
0.9843347
0.9666107
0.97404444
0.92567134
0.9617193
0.9949117
0.96224546
0.9908209
0.98368716
0.9272541
0.95942473
0.8482165
0.92031574
0.95139
0.944754
0.89188933
0.9936107
0.8859885
0.9902161
0.9760666
0.9589676
0.9803085
0.9896435
0.9824896
0.9296286
0.90418386
0.9795759
0.96425694
0.75585127
0.9309292
0.9482897
0.9811634
0.9779229
0.9592983
0.93995667
0.9549133
0.9687852
0.9740717
0.8758695
0.96634376
0.98602605
0.8643148
0.9722202
0.97911024
0.9671757
0.997369
0.8935911
0.97988987
0.94239724
0.9410616
0.97997296
0.91290593
0.9448088
0.8942448
0.8942869
0.9440868
0.9434645
0.95929396
0.8970977
0.9495022
0.93973196
0.91314477
0.987802
0.9313281
0.8700242
0.9393651
0.9131714
0.9441747
0.99408525
0.96035886
0.9631731
0.9879068
0.9971156
0.972062
0.9215106
0.88548785
0.92403984
0.96679056
0.9846723
0.91246164
0.9809224
0.9375398
0.95313245
0.9895656
0.985204
0.9637595
0.99259555
0.97565377
0.9710677
0.956989
0.9498603
0.9781468
0.9571735
0.9896711
0.88444746
0.9612625
0.9694078
0.97021663
0.8559822
0.95618117
0.9752422
0.96678984
0.8480217
0.9637375
0.91272086
0.9751437
0.9821165
0.97806495
0.98879
0.947559
0.9518814
0.95301497
0.9664222
0.9867622
0.970212
0.9788083
0.985261
0.95220274
0.9506377
0.981881
0.9711196
0.96889204
0.98478526
0.85720503
0.96986043
0.9135493
0.88215244
0.9768862
0.997258
0.9898412
0.957461
0.9852588
0.7577064
0.97799814
0.96828294
0.9595073
0.96452296
0.93154526
0.9700683
0.94166344
0.98929155
0.9861367
0.95753586
0.9188396
0.9711003
0.99591017
0.97469807
0.9828039
0.9819523
0.9953785
0.97717714
0.9568392
0.9768851
0.97817016
0.9529474
0.95863223
0.97698337
0.9011278
0.92949563
0.9672745
0.9712207
0.98596954
0.9656221
0.99664754
0.97466344
0.9907476
0.94360775
0.9483811
0.98117626
0.9284785
0.94381404
0.99601126
0.89787686
0.95283544
0.9697541
0.973456
0.9878501
0.9178938
0.9858378
0.865927
0.970679
0.98378575
0.9934311
0.97835547
0.9803184
0.9316329
0.9401666
0.9915829
0.9942571
0.9944183
0.94068277
0.95245546
0.99432075
0.9380951
0.9810575
0.93414235
0.9137049
0.9096177
0.97540915
0.9469446
0.97548383
0.98924434
0.86390376
0.9765714
0.96636236
0.92424285
0.9777331
0.9221648
0.99039537
0.9796554
0.98877543
0.9819937
0.9477596
0.93014085
0.98113555
0.97318184
0.9779219
0.96912026
0.9535917
0.91246724
0.98490745
0.95906264
0.92148995
0.909469
0.92674226
0.98258466
0.99639213
0.98030275
0.9183676
0.9524194
0.92865455
0.9872123
0.8725704
0.9592175
0.93542874
0.96510077
0.96686006
0.8967507
0.9872171
0.9635803
0.9699092
0.9267316
0.9867523
0.9775185
0.8865266
0.916474
0.9245677
0.9741119
0.9975138
0.9905766
0.98506474
0.93144715
0.9685309
0.88874924
0.8858953
0.98169297
0.92422426
0.90395683
0.9617645
0.9505176
0.8850676
0.83852774
0.8758357
0.9822213
0.956882
0.9541125
0.9734397
0.9828973
0.9674163
0.97990876
0.93684924
0.8716265
0.9140785
0.8584984
0.94691795
0.9819956
0.97946423
0.9931146
0.993952
0.9876951
0.98441064
0.95067126
0.95717824
0.9882883
0.9303298
0.98636734
0.9699943
0.961588
0.996858
0.9917327
0.9781181
0.973726
0.9731841
0.9695804
0.94734097
0.8409786
0.98154736
0.9715283
0.9065011
0.9352642
0.98757255
0.94593203
0.9325611
0.94009876
0.9446911
0.96330905
0.8707455
0.99066883
0.9883887
0.90174985
0.97006065
0.97812325
0.9375819
0.85600805
0.963169
0.96697545
0.95558596
0.9829639
0.98248947
0.9043145
0.9822197
0.9708569
0.9823326
0.97152674
0.9807268
0.98689365
0.9662093
0.9216856
0.9937461
0.9336393
0.97243404
0.93791926
0.9635136
0.94578934
0.9789528
0.89162856
0.9562355
0.9711939
0.98737967
0.9042404
0.977448
0.95415765
0.9726956
0.97765005
0.9866789
0.90316045
0.9829821
0.996761
0.99244857
0.99203366
0.900938
0.8388543
0.9713864
0.9764869
0.9963304
0.87055075
0.9558427
0.9580247
0.94842255
0.9747833
0.96605265
0.979787
0.986791
0.9337605
0.97998375
0.9885981
0.9851783
0.92339885
0.9965498
0.9829445
0.9829981
0.9616251
0.9212382
0.99080354
0.9687325
0.9170315
0.9053665
0.9133583
0.9425727
0.9591044
0.99661624
0.96815336
0.9897006
0.9754275
0.9590773
0.94796693
0.9736657
0.9756934
0.9085042
0.97587824
0.95223385
0.9838557
0.8758305
0.9865922
0.98194057
0.96859336
0.976369
0.9559841
0.97043675
0.96935296
0.94081587
0.9594225
0.9335066
0.9673846
0.96948105
0.9857179
0.9894879
0.9667796
0.9737459
0.8893863
0.9921118
0.9647535
0.8774568
0.9797629
0.97197497
0.97854835
0.96253324
0.9579098
0.9027716
0.9832234
0.89719534
0.9823518
0.9755601
0.9521114
0.96272504
0.93857384
0.9834739
0.98947114
0.87247026
0.97744447
0.92213416
0.95360255
0.94718456
0.95106864
0.9399557
0.98465556
0.982041
0.9834348
0.918176
0.9796202
0.715525
0.981078
0.90713876
0.9299725
0.97507346
0.9659526
0.9028828
0.9499651
0.99239856
0.97001415
0.9341308
0.98939127
0.97237647
0.98313564
0.94169295
0.98764515
0.912203
0.9121028
0.89959514
0.8925018
0.97082114
0.84608686
0.9474147
0.9693066
0.8890159
0.8823553
0.98523545
0.8790133
0.94797
0.9910979
0.98032665
0.940151
0.8438665
0.9939348
0.98388225
0.98639923
0.9696939
0.98440415
0.93896705
0.99395514
0.92649865
0.9827268
0.98143345
0.9939656
0.894069
0.9583958
0.84478897
0.9590279
0.95049447
0.94624734
0.990618
0.9714701
0.9477663
0.96092904
0.99525666
0.95468754
0.927742
0.97430605
0.8881375
0.96206295
0.96050286
0.97387743
0.9641921
0.9788705
0.96147877
0.9761062
0.97295725
0.99022955
0.98855054
0.98646843
0.86901134
0.98139673
0.98184246
0.947019
0.9921237
0.9649826
0.9744137
0.9941763
0.9763552
0.8732327
0.9807569
0.92290074
0.9609054
0.96429884
0.9939717
0.9786565
0.8921189
0.9032614
0.92902195
0.9870112
0.9801718
0.943009
0.9818624
0.99811125
0.9409461
0.97471493
0.9932084
0.95595026
0.95096993
0.97201526
0.94765496
0.9776012
0.91456825
0.975363
0.9688233
0.9869412
0.9857917
0.9495562
0.99128586
0.9426179
0.9718437
0.97107446
0.9841486
0.9736505
0.969983
0.93877125
0.9711331
0.96475714
0.92150795
0.968862
0.97654223
0.95937085
0.949674
0.95186937
0.96230024
0.9593413
0.9337077
0.9960097
0.9705779
0.98073566
0.98612964
0.9250399
0.97134924
0.95105016
0.9218155
0.99752235
0.96747154
0.9615507
0.95904684
0.98952866
0.88858193
0.9136414
0.9944966
0.98610616
0.9220758
0.9894244
0.988188
0.96370965
0.9525052
0.9451359
0.9611796
0.9316149
0.9645512
0.9778952
0.9413416
0.9856302
0.9696442
0.9101393
0.9462202
0.95819753
0.95216835
0.9841597
0.9924902
0.971425
0.98126006
0.9856228
0.90055966
0.9818673
0.98730266
0.93967605
0.9750228
0.98713434
0.98378193
0.98871154
0.9944702
0.9779718
0.83510536
0.95549786
0.977502
0.9825406
0.9712472
0.99097586
0.97581196
0.976803
0.994105
0.95442843
0.9782648
0.9892987
0.8521958
0.97484004
0.9830247
0.8805065
0.97094715
0.9093999
0.98069495
0.976744
0.95376414
0.961362
0.9806172
0.9929736
0.9168343
0.98749745
0.9445687
0.987731
0.99329525
0.9952092
0.9832066
0.9669268
0.98107874
0.9976145
0.9924139
0.95059824
0.9539576
0.9468146
0.97780865
0.99868
0.9773087
0.9080016
0.96732557
0.95197
0.97007436
0.96308446
0.9880511
0.9773381
0.9841913
0.9466481
0.98771805
0.9930729
0.95933354
0.9909289
0.9878181
0.9940438
0.97352433
0.96552783
0.9750448
0.9706961
0.98740715
0.9900818
0.983476
0.99088407
0.9691579
0.9689105
0.98514473
0.969741
0.9265111
0.88299066
0.8357136
0.98976445
0.96473193
0.9080569
0.9804088
0.9762245
0.89852434
0.96083206
0.975319
0.9798579
0.9959332
0.91589487
0.9389433
0.9429609
0.94499326
0.9711238
0.9724329
0.9982027
0.96979964
0.9345779
0.9751432
0.98110783
0.9820664
0.93179756
0.9385314
0.948491
0.9450948
0.9927108
0.95917296
0.9709177
0.8981692
0.89454687
0.9157059
0.9566639
0.97121644
0.990983
0.9555118
0.9964037
0.9639936
0.99643624
0.99041194
0.9777224
0.9514588
0.9595541
0.98947865
0.90094674
0.9221683
0.95569485
0.9065083
0.98395
0.96958876
0.8769481
0.9741472
0.9554308
0.98891157
0.89558864
0.85302025
0.93762696
0.9445031
0.944623
0.9785857
0.91816014
0.96412295
0.8986114
0.97293013
0.96779734
0.94384277
0.98651004
0.9388836
0.97346807
0.95767665
0.98306644
0.98433906
0.9882882
0.99130476
0.9778024
0.98864603
0.98678577
0.98878294
0.98052865
0.99099874
0.9351883
0.7226075
0.929673
0.96787417
0.9284152
0.91975164
0.9776499
0.76823974
0.8725224
0.98721844
0.9959935
0.98885345
0.98553
0.89123267
0.95473206
0.9830499
0.85422754
0.91999567
0.99059266
0.9782413
0.9414597
0.95840055
0.9641201
0.96567327
0.9819012
0.96911263
0.94207346
0.96848637
0.976629
0.9444771
0.9477316
0.9410732
0.97091216
0.93118155
0.9714902
0.84804356
0.9562552
0.9412508
0.97663766
0.9664692
0.9350755
0.9841429
0.9576133
0.9910508
0.9381489
0.93754715
0.9573884
0.9644449
0.98078865
0.9513833
0.9948913
0.98155665
0.993863
0.99440503
0.98191565
0.96651065
0.9459126
0.94164085
0.9845952
0.9814849
0.9839901
0.93924415
0.9765574
0.95662904
0.9040393
0.9927632
0.98409545
0.90485954
0.97748446
0.984611
0.9650029
0.9713288
0.9836056
0.98146755
0.98888457
0.87264806
0.9697026
0.9489958
0.9128351
0.91922235
0.9841482
0.9693515
0.97778296
0.95027316
0.9683925
0.90519005
0.9811049
0.98453265
0.995283
0.90557176
0.9937072
0.9585922
0.88646215
0.94760054
0.8779974
0.974337
0.9748677
0.9582461
0.96517795
0.9694037
0.97845286
0.96510243
0.9782815
0.95187926
0.97746265
0.95754343
0.9580828
0.9603282
0.96132684
0.90087724
0.98634225
0.9586122
0.9527372
0.9907312
0.9912104
0.8709828
0.99523675
0.97312784
0.938837
0.88376546
0.9710829