0.95254
0.95807767
0.93171203
0.89801145
0.9505641
0.9338561
0.89915526
0.96764255
0.92156744
0.9147397
0.91162676
0.93130815
0.86942554
0.9470339
0.9273685
0.920112
0.85925245
0.8895967
0.96603894
0.93900776
0.94112325
0.95566905
0.9635884
0.9026149
0.9714752
0.94259095
0.9378903
0.8894423
0.94665873
0.93171793
0.96967655
0.9198274
0.9553689
0.9395206
0.9519807
0.9233973
0.9568257
0.944116
0.94237864
0.8857173
0.9385367
0.9580898
0.9611171
0.95468926
0.9169767
0.96447635
0.94033146
0.8917208
0.9759176
0.92069685
0.95224994
0.9427873
0.93996257
0.96203935
0.8557075
0.9246812
0.93276274
0.9177557
0.8972979
0.9396736
0.9478057
0.9721965
0.9272139
0.9054587
0.955518
0.91291463
0.8856695
0.8906398
0.9518081
0.9249293
0.9067101
0.9660797
0.94997776
0.90291196
0.8799661
0.90375227
0.89637536
0.9111241
0.9117591
0.95410055
0.8805809
0.95118886
0.93997777
0.9056569
0.85576886
0.93763185
0.93383324
0.9600189
0.9400784
0.8629254
0.96445155
0.86603695
0.93269384
0.907001
0.90581155
0.90550435
0.92030454
0.9049651
0.91293967
0.9658136