0.9868568
0.9340934
0.958406
0.9672777
0.88669527
0.8421
0.96923804
0.95152295
0.8072036
0.92394793
0.9779403
0.8182332
0.92908406
0.98531204
0.9020675
0.9899018
0.9278825
0.9817049
0.9754374
0.94756997
0.9482795
0.97420263
0.9357688
0.948737
0.9659762
0.97355247
0.8627057
0.9763982
0.98714256
0.99325836
0.9934498
0.98914826
0.9592201
0.958032
0.89681435
0.859306
0.7764171
0.95640063
0.95269144
0.91137356
0.9089147
0.8353163
0.9580254
0.8691479
0.8017669
0.89868593
0.9182317
0.9865055
0.9560894
0.9766084
0.9195479
0.8064568
0.93156934
0.989503
0.95376456
0.9365591
0.98568743
0.96471703
0.8656411
0.9279623
0.90702164
0.96314096
0.8993468
0.9698314
0.9154506
0.9035156
0.88902104
0.9571576
0.94285905
0.9029149
0.95922035
0.92836773
0.9680218
0.97554135
0.962046
0.93091494
0.87868273
0.9573635
0.9808352
0.9633899
0.9213745
0.9708902
0.974936
0.99318665
0.95261294
0.85365784
0.9200016
0.87898874
0.89640355
0.9882849
0.96864414
0.9919732
0.9823187
0.9732558
0.9078164
0.9504535
0.860839
0.9202516
0.81861466
0.8666609
0.8883908
0.97831273
0.8513315
0.984294
0.98239887
0.960878
0.9197278
0.9401466
0.9055325
0.94135165
0.9877489
0.6925865
0.9831363
0.9322118
0.83744895
0.9824615
0.9089474
0.9370173
0.85356355
0.94479394
0.9126797
0.9922915
0.95937026
0.9484954
0.938576
0.93989617
0.9545741
0.9211679
0.9482645
0.85342413
0.9520563
0.9693209
0.96018857
0.9768672
0.9648893
0.9611398
0.9633801
0.8112126
0.9764193
0.90332824
0.993258
0.9833759
0.97382426
0.9693029
0.8336284
0.92507005
0.9467983
0.98571897
0.99104404
0.910266
0.9433635
0.95901084
0.96761054
0.9791261
0.98299146
0.9380536
0.9080405
0.93038046
0.904341
0.9399904
0.9738698
0.99194944
0.86746407
0.93084747
0.9459145
0.9684093
0.914428
0.92741466
0.96394235
0.9073711
0.88114214
0.7895607
0.9470402
0.9878915
0.9575428
0.9816995
0.9442261
0.8969774
0.94652617
0.9292205
0.9822774
0.94706714
0.94747615
0.8417958
0.94342196
0.9911618
0.93056464
0.98609906
0.97020704
0.8967179
0.938095
0.8391025
0.92381305
0.9329041
0.9357687
0.9017142
0.9869659
0.8284239
0.98195255
0.9590193
0.92366767
0.966144
0.98894227
0.974372
0.9176242
0.894288
0.9529601
0.9282662
0.8801512
0.91401005
0.9062224
0.96951616
0.9758123
0.94110966
0.9012368
0.95163417
0.9604902
0.94708514
0.8515747
0.9356142
0.9688108
0.72831136
0.9491137
0.97414964
0.8682097
0.99544823
0.8432545
0.9729521
0.925677
0.90759337
0.9533117
0.89529043
0.827981
0.88514054
0.8776788
0.8764203
0.92687035
0.926093
0.8583693
0.90385675
0.9149475
0.8869975
0.9768928
0.9121325
0.80699897
0.8910006
0.8955654
0.95473105
0.9889196
0.9438274
0.9407596
0.98396856
0.9956988
0.92799324
0.879964
0.84088445
0.95638937
0.947615
0.9683574
0.8917041
0.9705825
0.9233694
0.94193447
0.98539305
0.9801779
0.9421359
0.98403263
0.94914526
0.9600872
0.93366414
0.8819368
0.913808
0.9670929
0.98335934
0.8257323
0.851166
0.9615173
0.96420026
0.834267
0.9035625
0.94483554
0.96080387
0.83467877
0.9633098
0.88120353
0.9555856
0.95790327
0.96283305
0.985631
0.9053567
0.92032343
0.9521582
0.95839655
0.9812636
0.9569761
0.9441767
0.977812
0.96206665
0.9478105
0.97887266
0.9143919
0.957024
0.9529333
0.85662335
0.95408154
0.8973388
0.86029476
0.98085845
0.99479926
0.98813653
0.95632267
0.98137295
0.93756056
0.9655476
0.94951737
0.893719
0.92585576
0.90303695
0.9480225
0.94720393
0.97851896
0.960123
0.93890667
0.9021729
0.9074461
0.9899828
0.9688014
0.8735818
0.9707322
0.98631245
0.9809306
0.91746145
0.95582825
0.9746521
0.94279826
0.9296385
0.9696572
0.8749229
0.90022385
0.9690811
0.9611523
0.9803007
0.94373685
0.9882868
0.9620592
0.97941196
0.9274292
0.9252564
0.97381866
0.91730237
0.924923
0.9900776
0.84527665
0.9388301
0.94733196
0.96883166
0.9809663
0.9329395
0.9656199
0.8593065
0.9602006
0.97373116
0.97969663
0.96489286
0.97040725
0.96184695
0.96513873
0.9837632
0.9842644
0.98935497
0.89867043
0.9257289
0.9546131
0.8418764
0.97190505
0.92379194
0.8997291
0.88208497
0.961999
0.93340546
0.96258837
0.9456377
0.8347373
0.9048373
0.9392659
0.89371616
0.9774167
0.91501737
0.9806044
0.9642889
0.97940123
0.9567635
0.91475177
0.90415496
0.9769284
0.9601228
0.9661557
0.95008636
0.9147865
0.885219
0.988062
0.9417492
0.8908451
0.88949037
0.9320501
0.98178434
0.9736513
0.97952026
0.8964912
0.9241297
0.9026501
0.97615457
0.8501114
0.9498308
0.9352881
0.91756964
0.9509456
0.8737865
0.9085096
0.96250516
0.9443112
0.93875724
0.9502042
0.9470582
0.8154717
0.88576144
0.91816187
0.961758
0.9952095
0.98114884
0.9832244
0.9085998
0.9518522
0.8532485
0.8691637
0.9625251
0.8858108
0.8718224
0.9400906
0.9274626
0.8109876
0.7823678
0.83997273
0.96827793
0.9296429
0.9486226
0.96029425
0.9659325
0.95474607
0.8928653
0.9094798
0.8013416
0.89742464
0.8086301
0.9332787
0.97408855
0.93236136
0.9907054
0.990415
0.98493844
0.971352
0.9244889
0.93513215
0.9555024
0.86578035
0.9839827
0.9545232
0.9673696
0.9952536
0.9923285
0.9707979
0.9557967
0.96403205
0.9568027
0.918949
0.83247626
0.95588243
0.9768902
0.85653096
0.9365768
0.98274994
0.91172945
0.93866515
0.83810025
0.9195857
0.94963473
0.80411077
0.9831525
0.9606395
0.85663384
0.9541719
0.9824367
0.8110055
0.80438006
0.9393226
0.96726644
0.91005933
0.9799558
0.9683641
0.9225717
0.97538686
0.95498097
0.9717261
0.9448169
0.97783434
0.98374635
0.9540012
0.87622535
0.98986936
0.90367377
0.9557688
0.8746836
0.9407443
0.9039217
0.983443
0.87162757
0.89737797
0.9548389
0.9839018
0.8690347
0.9668596
0.93029416
0.9517901
0.96912277
0.9689169
0.89163375
0.9573521
0.9953958
0.9826943
0.9927796
0.883108
0.74390656
0.95418966
0.95311964
0.99364346
0.8083974
0.85671204
0.95537233
0.85507774
0.8762322
0.94002044
0.9799527
0.98071593
0.9214554
0.9799936
0.98980296
0.9779763
0.85632944
0.9890007
0.9760772
0.96948934
0.9153902
0.889461
0.98306096
0.9398641
0.8731124
0.8986881
0.868417
0.91306007
0.95977485
0.9951278
0.93504244
0.9512968
0.97250885
0.91427547
0.8629871
0.98399574
0.9541899
0.8599438
0.9501014
0.9222766
0.9786583
0.848024
0.97813773
0.9799392
0.9371306
0.9593632
0.94053364
0.94552964
0.9673564
0.92389715
0.8519101
0.9046259
0.9475708
0.95621693
0.96704495
0.9799901
0.9547999
0.94703794
0.89903873
0.9836876
0.9549272
0.83809185
0.9806347
0.96694326
0.95413506
0.8876139
0.913324
0.8574387
0.97163284
0.9197616
0.9727608
0.97038585
0.95229316
0.93659604
0.9448321
0.99156153
0.971534
0.82457054
0.9725577
0.85248154
0.92868507
0.8680468
0.9371762
0.87523687
0.9800479
0.97871435
0.97707975
0.90875626
0.98245406
0.9690218
0.9332136
0.8510083
0.9028706
0.9741115
0.947399
0.85801625
0.9304381
0.95366204
0.8676414
0.8831967
0.9780477
0.94612134
0.9709572
0.91474754
0.9122598
0.87260675
0.87455136
0.88135886
0.8501501
0.92363954
0.757221
0.92876107
0.89790094
0.86103976
0.8450686
0.9766034
0.8484562
0.90354925
0.9815495
0.96660274
0.9064013
0.8153422
0.98306024
0.97673213
0.96221566
0.93785274
0.98771685
0.93996775
0.98427963
0.9129158
0.97586334
0.9498441
0.98999614
0.90775365
0.9364252
0.9643079
0.86323243
0.93861115
0.87998724
0.95280135
0.91148794
0.9347746
0.85906845
0.9902301
0.9271382
0.9175414
0.9651768
0.86474997
0.9085901
0.954952
0.9514603
0.9580628
0.94871646
0.95637226
0.95994794
0.95831996
0.96942604
0.9786132
0.97860026
0.84200656
0.9342497
0.97750723
0.90860844
0.9882736
0.9302628
0.9422926
0.98689014
0.9612577
0.827647
0.9689613
0.9430614
0.9678479
0.9157456
0.99483794
0.9671222
0.858284
0.89926565
0.7815191
0.9711448
0.9362079
0.9254027
0.96964693
0.9961521
0.90968263
0.94620025
0.99389154
0.9049825
0.9488081
0.9562781
0.91056323
0.9610343
0.8092715
0.96591544
0.94731915
0.98006654
0.97347736
0.9205242
0.99140143
0.9474419
0.9611165
0.9511181
0.9842085
0.9615052
0.95950806
0.90322506
0.88029957
0.9312921
0.9328614
0.88830733
0.96795547
0.9709229
0.9185807
0.9417605
0.9561602
0.9390157
0.9153901
0.9774284
0.94756794
0.9675948
0.9631606
0.9197414
0.8825263
0.9215553
0.90120745
0.9929117
0.9398575
0.9399404
0.9436929
0.9917837
0.8434736
0.9098924
0.98949206
0.9772543
0.88851184
0.9847459
0.98461396
0.9473436
0.92512965
0.92785454
0.9503511
0.8949128
0.94309574
0.96077967
0.8899623
0.9665283
0.94279087
0.9309244
0.91257846
0.93597084
0.9511394
0.95776135
0.98330986
0.9667105
0.9637069
0.9707353
0.8897761
0.98805416
0.9749025
0.953619
0.9620609
0.9804444
0.9642267
0.9857612
0.99294955
0.9650006
0.75045943
0.91318667
0.9829486
0.9480901
0.93848574
0.9859026
0.9294416
0.9674439
0.9903728
0.9052163
0.97840595
0.9772078
0.81990725
0.85091627
0.97358656
0.84649515
0.9627913
0.8709726
0.969086
0.96787953
0.92110884
0.9223715
0.97049767
0.98793614
0.8979169
0.89636123
0.929898
0.9820934
0.99226046
0.9927673
0.9680535
0.9353321
0.9796432
0.9971806
0.99029577
0.9194205
0.8398057
0.92013764
0.96851856
0.9980887
0.96130145
0.8943091
0.9475707
0.88938826
0.9518746
0.9555461
0.8994816
0.9287307
0.9702696
0.9253758
0.97926587
0.9892421
0.9456526
0.97667944
0.9734748
0.9938437
0.9602946
0.9630454
0.95026034
0.9437674
0.9870534
0.97116935
0.8857057
0.97948706
0.9216488
0.9633474
0.98265177
0.94077754
0.87867326
0.8915614
0.7932467
0.9792492
0.85249245
0.8591764
0.94590855
0.97560394
0.8698021
0.8764991
0.9244115
0.9690167
0.990734
0.8780539
0.9224964
0.91649514
0.925398
0.93815935
0.9104731
0.9937995
0.9619512
0.90003556
0.92870545
0.9387771
0.97005737
0.959619
0.9054275
0.9232651
0.91653717
0.99160427
0.9583573
0.8581767
0.8617008
0.87256384
0.80886185
0.95929796
0.91350985
0.97659844
0.93747145
0.98135686
0.9473597
0.99283963
0.98845446
0.90246224
0.90451545
0.8693552
0.9753508
0.8714396
0.8903898
0.9507757
0.88513446
0.97396636
0.943165
0.8350527
0.96613264
0.92806196
0.9899541
0.88555145
0.79907084
0.7856187
0.92561936
0.93335456
0.95389766
0.8881315
0.8536976
0.8565001
0.9491805
0.94269586
0.94984365
0.9872346
0.92349696
0.9720785
0.93498725
0.96588886
0.9780792
0.9676383
0.9894831
0.9669442
0.9875929
0.9716765
0.97383094
0.9654108
0.97932017
0.87761074
0.9476116
0.8704042
0.95142984
0.8730721
0.8882547
0.9617146
0.943424
0.81556964
0.9794387
0.99272573
0.9828481
0.9757815
0.8508785
0.936314
0.95962095
0.8375494
0.8896766
0.98746026
0.9493402
0.93028986
0.95298874
0.9493035
0.95810246
0.9360107
0.9650334
0.9588282
0.96299165
0.9280231
0.82649827
0.934111
0.92049813
0.93104917
0.9135417
0.9642832
0.77115613
0.9260467
0.94411224
0.98138696
0.9446858
0.940392
0.9729921
0.9527329
0.9847938
0.9708356
0.93274117
0.95750606
0.946003
0.9739553
0.9011611
0.9842217
0.9465659
0.99169666
0.98101515
0.97083014
0.95343345
0.9012221
0.9270136
0.9905643
0.9646077
0.9695145
0.9259856
0.92122513
0.81433696
0.75203115
0.98930556
0.9586377
0.8630136
0.96739763
0.9635931
0.94789916
0.9433979
0.9626961
0.975794
0.97657883
0.770747
0.9460983
0.9367849
0.8730094
0.90774965
0.9755062
0.96328884
0.96777457
0.94850516
0.9561508
0.9060608
0.97578037
0.9757158
0.99182206
0.85121334
0.9850565
0.9269978
0.8793718
0.93279856
0.8631537
0.9545271
0.9733119
0.92982095
0.8845783
0.910833
0.9626827
0.9470336
0.97127306
0.87964785
0.93524617
0.94329315
0.96008736
0.9166718
0.89182544
0.887468
0.98166263
0.9571352
0.93754375
0.993141
0.98249483
0.8503362
0.99152327
0.94381624
0.9358515
0.83217216
0.9585906