0.8400841546912122
0.8514275630236241
0.9343972350756207
0.9842037156754624
0.8005846211619205
0.7996220001692057
0.961538699297634
0.6458436514762487
0.6936536065363448
0.7347647532075418
0.9488192833875209
0.7412769073415951
0.908965537331718
0.9588864142214366
0.8994386154115026
0.9822128914397921
0.8237527840520804
0.9800528302404362
0.9630653023136229
0.9774174608385522
0.9344633862818936
0.9486590660512225
0.9367126982007828
0.8745882237436069
0.9955994982904769
0.9341994999964787
0.7610186705507205
0.9754274999970622
0.9903388909407871
0.9989235783723053
0.9839479725836326
0.9988381952246821
0.9640383643587909
0.9594179692232168
0.8345813801892812
0.8916197584251356
0.4929954763913653
0.9228202939458379
0.8919133551872697
0.8803638342667388
0.6487504435193945
0.8054693699916741
0.8736018025164536
0.653542698433544
0.6101745457540522
0.91175927906086
0.8191062456237088
0.9567767784284912
0.9448909119763974
0.9924549078188757
0.8495057474409468
0.6839111645536453
0.8049141733473228
0.9869313513815494
0.9554948687903955
0.9638799312223217
0.9839287918348865
0.9602948324751034
0.8792480984535749
0.8835912612126549
0.8818140291609293
0.969433172168144
0.843329754620246
0.9725251070890722
0.7171052312374766
0.8195313387695589
0.6402014604334223
0.930772924575304
0.8922335092277596
0.9297058767893398
0.9343962780249502
0.8145152902669465
0.976731183584245
0.9253868018262055
0.9461957597552846
0.804984066283635
0.7676557352093156
0.8643442392986979
0.9728865724229798
0.9440635021469478
0.8569267266593754
0.9837028664933577
0.9573873003815585
0.9617594800096391
0.8854095267894078
0.8770187737469854
0.9224984033123249
0.6828150967897018
0.7976260287481809
0.9955349951348853
0.944840623976992
0.9623954543716966
0.9765334575161554
0.9659539679956985
0.7942986047312897
0.9155941812313753
0.9224934864058884
0.8239855833841666
0.45047815192969054
0.8305622856163548
0.7160876736560748
0.987774094802144
0.7994102330680388
0.8968358995444041
0.9260507075999926
0.9678164642989155
0.7502210698017475
0.8646987256211871
0.8404137397293407
0.9815714016666284
0.9862225095676005
0.5467755967149919
0.9574122186401742
0.8954316031949269
0.8966639009537013
0.9525594874582246
0.9558110688916738
0.8721114197086923
0.7310562793729203
0.8642003568768926
0.9400399212755239
0.9933825774478415
0.9511364428097281
0.9091655658818626
0.9372339713539319
0.9186982922040487
0.9107726500043529
0.8315929254159997
0.9148712504886073
0.9160897726682863
0.8637245132419298
0.8192495563061795
0.9519611635506414
0.9705882379142428
0.9466465547508021
0.9286594475069861
0.9913515222470661
0.6204149311483675
0.831022712294956
0.7570559467531046
0.9919067877416794
0.9798424362634076
0.9560633211439026
0.9596884253475568
0.6765930822529981
0.7612006352138698
0.8968689982540404
0.9809967813258023
0.9736348166651134
0.8133586629256351
0.8347630957384473
0.9197650953378198
0.9540882814666731
0.9877055307639053
0.9563825724343439
0.7741150925891778
0.879931691802601
0.8664171503583493
0.8512453595729573
0.9609537592665957
0.9573556602704767
0.9780357406748666
0.6858129483295248
0.8724324058469946
0.9947726619425713
0.9670155238331112
0.906222310709557
0.930536866975453
0.9369029457974853
0.8599693049825319
0.850989346816854
0.49365372407072966
0.9565020109116726
0.984585390176643
0.9045225075684761
0.9626063448950203
0.7066931117378925
0.8762751904164137
0.9620422176230219
0.8930814321645713
0.9752069279021331
0.8570626495988295
0.9084351965223226
0.8447266871954608
0.9463602183569799
0.9912837956478935
0.8888162587630294
0.9866971064885846
0.9729348406267984
0.5589399323552677
0.8779090207504814
0.4762664551343242
0.6841329256641385
0.9238688942085762
0.9367126982007828
0.7449740049446194
0.9911100187596908
0.7580233798528904
0.9472925672692691
0.9600048592892828
0.8615770429535998
0.818185552844367
0.9683670978653389
0.9607235637717472
0.8515130658724491
0.7361885586460173
0.9444980265922372
0.8766628259046919
0.8668338687272488
0.8367217302619945
0.9097566454212749
0.9423739476590288
0.9489158487459545
0.9117514276566396
0.8272417157833917
0.9494142055589281
0.985325478417052
0.924662654339488
0.5655978334452294
0.898440046252025
0.951010033723563
0.4471454414961176
0.8895504330022508
0.9920944806431522
0.9182707713754069
0.9937716629597204
0.713505550606442
0.9620606601197725
0.843229023832728
0.7113608886377869
0.9078121201854508
0.6436508755245143
0.8640146348347135
0.7477377014177733
0.7088963414182754
0.8906204017399799
0.8439742230478092
0.836343324059385
0.7397011753581632
0.828108483711425
0.8868401495554958
0.707398173107993
0.9726465879901837
0.977379489570311
0.8794825167639229
0.6012012993254392
0.8264878336586347
0.9445453368659185
0.9928556959854811
0.950360943615348
0.8214086858896912
0.9844707350377568
0.9996057634263119
0.9209000925927191
0.7318282744830167
0.6716986674878737
0.963999765244554
0.8881948649705809
0.9314377678159781
0.6579750873231435
0.9004687285581154
0.8807069854418982
0.9089805644128047
0.9880617083117493
0.9718781432220025
0.9101135542223373
0.8251745780934654
0.9422457325352552
0.9098703548990272
0.8145906123632334
0.49130145241118317
0.8881122031418753
0.9780639264720159
0.9642298788369406
0.6743030136852138
0.888799636569119
0.9620721118517606
0.9416273675978544
0.6733612296777295
0.9450756227546567
0.8784307603455003
0.9745368037108758
0.5910330564484533
0.8740526564514806
0.7939069753243395
0.9237948962910056
0.950518773282715
0.9827847505820676
0.954633566956537
0.8273670960974937
0.8608729358111037
0.9459652243024177
0.8543106902664973
0.9774815636319992
0.9611336316186361
0.954492697120407
0.9777714771212004
0.972918731224157
0.9343606573676335
0.9757110049102431
0.9253950732428887
0.9825668406033867
0.9555247150053223
0.84616074864111
0.9333050587832987
0.7215728013839733
0.7014742704812961
0.9922664654621385
0.8503959696775609
0.9687153649449202
0.9530320392873477
0.9837302702964231
0.8594233934008112
0.9469650449941541
0.9153069641119608
0.7427545657721366
0.9349006760898343
0.83472981113777
0.9387948459646254
0.9377088832200517
0.9163467578959967
0.9464600887964079
0.9415652951128834
0.8229824392869817
0.8068781489463466
0.999716730658391
0.9275918460975634
0.9760947294251445
0.9767671345143891
0.9773333526364141
0.881086041263718
0.9404737378083871
0.9593541037342287
0.964430330428605
0.8679547652319716
0.9448733952171662
0.9493212637349983
0.6228958539675624
0.7671324197073721
0.964457771619995
0.9520201753872828
0.9898646428747835
0.8859389949653873
0.9957836675972633
0.9545249086868783
0.9679171500274821
0.8103626067718706
0.8403691634002858
0.9129108181722463
0.7130372814169275
0.9385217528159392
0.9854976581969161
0.5909485121766986
0.9240889925759721
0.954894493323891
0.8332233274377656
0.9798170085771536
0.8397410116585957
0.9341955055380325
0.7267011889720059
0.8750971325360184
0.8626167549187193
0.9938210079889732
0.9223525669177094
0.8966061166757312
0.9676337918058568
0.9615394501355862
0.9803735283027646
0.9683302276673934
0.9918593279777592
0.924321261307903
0.9037787326833246
0.9909340914636358
0.8711302527432654
0.9547621141732299
0.9199127768543007
0.8270890118233173
0.6798609817130802
0.900663541819424
0.9222538246542269
0.953146077458569
0.9764906758221048
0.6598591084979245
0.9471825712650467
0.9302780629863698
0.6714477685302198
0.9577533220491665
0.842765979315355
0.9831741955121108
0.9238540933337174
0.9860912609941336
0.9522569284389796
0.7314556290665746
0.9520951947792825
0.9845102839547478
0.9507952030705173
0.9408087822227581
0.9302117802926254
0.7434021615157641
0.7774010176345226
0.9121141828191146
0.98101725984031
0.8091151941449906
0.8063909054207923
0.790285644839512
0.9723300392005072
0.9956531157315801
0.8571585567003517
0.5850178295059439
0.8483259249099897
0.828763692732802
0.9312683068719743
0.618338383296099
0.8161107253987968
0.9364930308642989
0.8969505294519515
0.9046273973042176
0.7318354008866201
0.9661271384340874
0.928028990475626
0.9231979332569308
0.9030486114106673
0.9663427653117871
0.9303088667327444
0.6431612795135135
0.807024770910341
0.8998203686428123
0.9603777013403938
0.997367088283516
0.9801761414366682
0.9826028343839939
0.8699191614551491
0.9682387725471799
0.8196516703242632
0.5552005101562859
0.9513594551009218
0.7736521773107785
0.6870667579278442
0.9071532927775423
0.9038364246702686
0.6732149984736859
0.6290375238964869
0.7625683437502823
0.9785570382170091
0.7489802582598941
0.90795710151765
0.9463207760140017
0.9333742428246907
0.9266858575689456
0.9655636577333335
0.7047329280989794
0.5699485369041345
0.8410913379669942
0.5434838305454661
0.9189073364250379
0.864738733131255
0.9706458716390913
0.9827137326499252
0.9581515852779433
0.987507436420081
0.8864089794354213
0.8318395993911539
0.7927551363258274
0.9772773397803729
0.683231495223878
0.957317381890652
0.9546327372280071
0.8462036252787868
0.9816972154142276
0.9977817618827431
0.9383022275329296
0.9251569114603562
0.8625431926839233
0.9207884014986311
0.9897015329623036
0.5888287691020933
0.9403849929008834
0.9959234538390755
0.7009004027258735
0.8998468668447706
0.8904075974264312
0.7789680130917009
0.8363932957690672
0.7367275260739305
0.8608790173628533
0.8856720239888085
0.6877617107781036
0.9924859695445494
0.9039614007172835
0.6855075990001367
0.7845137804576269
0.9319999679487098
0.8713271312901499
0.5172711144067998
0.890080399415597
0.9612292431541796
0.8851982503091747
0.9363720094036503
0.8958775948028903
0.7489578423258814
0.9881674773923349
0.7658060002636791
0.9729432541577117
0.9294563239677734
0.9903635760809628
0.9049983653740847
0.9352685305557087
0.7511451151417028
0.9733519093129733
0.7691430619264745
0.9671233158599053
0.9164822081543084
0.9580887861992755
0.824897664583522
0.977359746487347
0.7218398518051685
0.7783810478921287
0.9482240527652035
0.9849064689760828
0.7362365179520058
0.9695334051869153
0.8980318745645173
0.9304252308181931
0.9408783500464355
0.8774274171464933
0.7923443217736701
0.9106245578947157
0.9748951201550761
0.9236141488277968
0.9685852151951162
0.8362282327270438
0.45863419939209216
0.9188599788055706
0.9770293744278127
0.9926046241670856
0.6775887338599487
0.8631495986629567
0.9239360504135727
0.8556975250949297
0.9680049098537409
0.8171698466704229
0.9204261530833412
0.9864685074057495
0.9111040486596729
0.9941863877812022
0.992859034480805
0.9704848075687017
0.8915455610069187
0.9922199159237663
0.9576601241972126
0.9257843484391047
0.7622882381259355
0.612111624601784
0.9824509297349977
0.688010605554696
0.829515837337253
0.841029747340039
0.7285654314276198
0.8101035184919146
0.8921051680666752
0.997551071812815
0.7696335519286484
0.9832707595011099
0.9499751759951363
0.9129708854818548
0.9188873494586831
0.966624072949114
0.914116156517728
0.7387181943468852
0.9359483712208163
0.7678190526809455
0.963801261884767
0.7587500660444862
0.9554439840719686
0.9724861746282047
0.8925161630391714
0.9115136362074614
0.8079707563007386
0.8821889224334791
0.9541589155341121
0.8129100221882061
0.8573572992273365
0.7951593148727073
0.8954561413059416
0.9565254716026929
0.9069300446770444
0.9709772157260802
0.917943119926195
0.9002038396023093
0.6002632941578937
0.9900633369303128
0.9474422606923351
0.6563576019232208
0.9840169105683393
0.9594845094190033
0.9622363687226143
0.9842738670322095
0.6955223363810392
0.7245073892752255
0.9681715170538457
0.6757702091967208
0.9759145907502358
0.9783576510620187
0.9097587945697034
0.930128006699001
0.8700640969731689
0.9640375028200601
0.982538002696306
0.6708571799654532
0.9608749795489115
0.7181517049054111
0.869441997998871
0.835397298141179
0.8263134402244741
0.7574407830298233
0.7831682493810501
0.9929252358833796
0.9702829272559766
0.7473972376725796
0.9055670809134025
0.9417495433486633
0.9885078482171575
0.8204648861755098
0.8457754423402355
0.949243197745882
0.9022937164170264
0.6636473718253701
0.874760539323437
0.9665736587882163
0.8744885044880109
0.49357262910983063
0.9323216618649335
0.9190605400961247
0.967329608611408
0.8868028145131857
0.976678383700715
0.8962578921550008
0.6969392233066027
0.6818604003766008
0.6533896804041592
0.9094506630898069
0.6220789818836644
0.7919388557033843
0.9508801006431074
0.8267417889728135
0.8174025923968393
0.9703215174737347
0.6392716463240424
0.8866355219551293
0.9664264535203861
0.9569991305805557
0.6834389418532848
0.7564464749291077
0.9512923465273203
0.9936537667497456
0.9598750493889587
0.7806106850678828
0.982695037349711
0.8186370549162523
0.9338162050375827
0.8885783074874264
0.8746399190354741
0.9650751448019406
0.9892462755777454
0.8058678309037198
0.794179986356728
0.9888629828894011
0.7954347178995811
0.8579357619973416
0.6241879447731806
0.9913022288900111
0.951586847879917
0.9425756547445279
0.7660677838737142
0.976066668667201
0.7436742130276213
0.9134500966212702
0.9560119261977836
0.873331911141348
0.9047799980456183
0.906005734654528
0.9649243235121094
0.8168652989735881
0.9707431004834863
0.9435536603059238
0.7754040760108107
0.9515210332210768
0.9751528473759515
0.9705253703570986
0.9721435947522812
0.7972585295870755
0.9452922414073809
0.961972536330634
0.850876609749919
0.954289170917319
0.882482829255552
0.9252557019389711
0.9654276700623741
0.9493271777814082
0.5575638915364827
0.9344583766726896
0.9622556050301537
0.9596396521743547
0.8435058083606464
0.9963932934477757
0.962725187501237
0.7789358653020084
0.8267386193800215
0.8397427631342638
0.9580766185872286
0.9504414504224272
0.9374763372934278
0.8943643681988762
0.9996057634263119
0.7184693078408038
0.7941056215462241
0.9945507490635696
0.7002964669210346
0.8226249935871471
0.9415051090485784
0.8197985208042912
0.9078063460597348
0.8025116627288045
0.9601813886939989
0.8954822761683912
1.0
0.9722550369728102
0.8407097137442363
0.9910108678429712
0.939578755413381
0.9237219992145951
0.9373751594766999
0.9452922414073809
0.9358518255664313
0.8753139699903945
0.8907652354333937
0.9417793949639522
0.9504812977182893
0.817770515978215
0.9618958001193039
0.7684750255477506
0.9497996388658436
0.82967751178321
0.8988735783231452
0.9275953501461563
0.8894805580346847
0.7622882381259355
0.9962938594182332
0.9234020818068768
0.9470937635196328
0.9641290930995847
0.6319915693005724
0.8684945984840353
0.8305368582395551
0.636470335317574
0.9949464258815466
0.8526085301076793
0.883339686182204
0.8375041448751663
0.9949925822558208
0.7900418478957458
0.897879804459931
0.982714337611241
0.973794411104756
0.7390085832099451
0.9649679661324052
0.9710375103488034
0.8909359653031622
0.8409599420770926
0.7887069772051222
0.923941292361122
0.701742464842706
0.9797750344990557
0.9335207183166461
0.5623970421729152
0.9231610153538632
0.8692100161474924
0.7035633538286388
0.9014469048184978
0.8282443958205266
0.9281274415062747
0.9790399679631718
0.9683882311968881
0.9445333849467269
0.9296163064045302
0.9615514280117681
0.6106143797831107
0.9918922194607196
0.9801450044622587
0.8187416873611586
0.9589226859335878
0.9341817187034481
0.9497918594498429
0.884361753709062
0.996105163190731
0.9291986074547922
0.5634374093722561
0.7506905291901229
0.9408534734003424
0.9430979743832354
0.9015745726922111
0.9823660570500905
0.9114617551861572
0.9467564443899764
0.9939332871636875
0.8379685760282838
0.9587879964230597
0.9785865794461049
0.4247676328354152
0.9411087388120575
0.9845471911144548
0.6296741962766688
0.9093950276983296
0.7372647667179466
0.9372383183362285
0.9703540558072736
0.8042910603365758
0.9176797751132755
0.9405961807295087
0.9854753316664161
0.7989471069274102
0.9706780958279324
0.8779918434551139
0.9829903829285924
0.9896208924477392
0.9912868728784375
0.975337229986139
0.9028407901586433
0.959806152044079
0.9987120548182874
0.9882523154409386
0.8290354506173075
0.8557912968861472
0.9156275797127129
0.9037312004445845
0.998419163589435
0.9291243470205723
0.7478415866091838
0.9137340215833449
0.9212891981035105
0.8935595466610857
0.8721214487254265
0.9742849817185226
0.9361299208004642
0.9566564465086537
0.7842218859273802
0.9649155084246835
0.9666288783691986
0.7657868132355884
0.9640162301646662
0.9660178234360587
0.9652478465010319
0.955839165305871
0.9098022723419614
0.7619080363535085
0.9313427681712594
0.9712510436183778
0.9857450719603815
0.9604252161544173
0.9766928987146389
0.8982546765026866
0.977379489570311
0.9649413614459088
0.9515260618123811
0.7588921224007515
0.896533394723473
0.6872689390873051
0.9643048049675231
0.9632576854658023
0.783742620642115
0.8689483382109979
0.9670991284128289
0.48243660534182226
0.922619274137465
0.9371801392082043
0.9200122609288415
0.9337481167597398
0.7384332006733192
0.8857813338356526
0.7763066952655931
0.8712349582198002
0.9161593367831153
0.864738733131255
0.9982698642685313
0.9402801750153582
0.8022393048570763
0.9357232036785724
0.9409777834056401
0.9649353534736034
0.9706142775831108
0.8208023527577588
0.7979826815485744
0.8764955067199771
0.9944111977186368
0.9077979457549695
0.9013796526861397
0.688164602446075
0.6942692881959983
0.8392898016459505
0.9530320392873477
0.9755440176454329
0.989306480025536
0.8710597732481838
0.9931547986712161
0.8416705890411571
0.9948058485703116
0.9849105278398135
0.9746543911389531
0.8452919234218637
0.8945355243877942
0.9865733620683826
0.7046167771183369
0.8994919337598846
0.9430481693555947
0.8610402277083298
0.975604037098179
0.9103224769021873
0.7644980750701869
0.869046004047432
0.7966730894500282
0.9943003417413846
0.8274350077244675
0.5352596867065326
0.7640675881483074
0.8396456234005439
0.7679920503318938
0.9369726046187529
0.6296064055406485
0.8643625992613495
0.7819630605788817
0.954894493323891
0.9254955514967929
0.8715868399058609
0.9796064726500688
0.8010077680605199
0.9897877967408074
0.9147949165115921
0.9573873003815585
0.8982238194783628
0.9706329690508289
0.8917335474806629
0.9420789792303972
0.9848136136530625
0.9798560886627459
0.9395132057191282
0.9282478259549068
0.9846303017992896
0.9014043298960088
0.9045000257759058
0.817028404691277
0.8200439713622636
0.7255700420833324
0.793073269713866
0.9472074265118808
0.8997118578710248
0.7085919993247954
0.979545453099208
0.9777541257734053
0.9769098100766506
0.9775867575619797
0.6595962046318855
0.8123434545789284
0.9768679672238945
0.771386963020374
0.7080511256783799
0.9917680646550411
0.8476962344047592
0.883721113898561
0.9181140238244794
0.9173533525115753
0.8934371506199734
0.9417867474412086
0.928147408320991
0.9182954927983832
0.9622963758195437
0.9423677536856985
0.8370610108599226
0.8687429469004042
0.7855744238919149
0.9461040307902105
0.869386591283932
0.9599676528615284
0.5823003208246654
0.8152476593982075
0.8908397252410692
0.980041831156713
0.962136787307543
0.9630401936107786
0.9556564780234753
0.9284199111635315
0.9868070354431194
0.949761605389269
0.9355584252444912
0.9569147489795287
0.9427112486201407
0.926314447930312
0.8978289000628317
0.9839514205723184
0.9353031020232639
0.9941702249269841
0.9552276042570685
0.995631332990595
0.9215511031090432
0.9181663900704955
0.8773135084467838
0.98537143981075
0.871385763864396
0.9556956691905315
0.8687679300675892
0.936461319339023
0.90096566178382
0.7237135453142698
0.9778022312156387
0.9615161982829706
0.7123054936651065
0.9783155606920626
0.9472283296071446
0.9070981693933147
0.9139163920723563
0.9815502587175038
0.9692566740615074
0.9722852916971098
0.6495698004811259
0.977788869131345
0.9288267915944428
0.7406545627032204
0.8031978408737979
0.9601507466911429
0.9487846366247844
0.9401360868829536
0.9235349308853826
0.8995131246677277
0.8971817468339776
0.921864270527964
0.8872542238437218
0.9948351595301448
0.839164019031037
0.9328039850119498
0.8997160884984698
0.6687735105586508
0.9348658277236593
0.6994706383940925
0.9460450405046448
0.9752260738298507
0.7952717112441374
0.8490217845145629
0.974301103500994
0.9939347513811078
0.896451463696055
0.9687734956167031
0.9200747389742192
0.968607854828388
0.9159733591660837
0.8558717469734112
0.8933311037078987
0.9129209805561985
0.746760673211861
0.9688395565426073
0.965567744474275
0.8669152306255457
0.978267973607037
0.93611530045201
0.6658933498750166
0.9507300354107712
0.9235771444923158
0.8383926178451404
0.6589065358918385
0.8778840653938804