0.6307511969994595
0.9750813719935425
0.6783058944673875
0.4636300616895782
0.7959661245307359
0.7554125102793888
0.6389540073311246
0.8617290762419412
0.6021041856772771
0.7165997984812992
0.6971838697983248
0.7117711509264604
0.6557606264086572
0.8198457571130336
0.780879415059721
0.70564138481273
0.5658108627880183
0.8290491377506792
0.8925462901249323
0.9044747958700626
0.7694236682147018
0.8707550100500773
0.688823595921195
0.6412825543670141
0.9417893232302903
0.8350982847833047
0.8006359298390513
0.5961784244509198
0.8271686727526042
0.5706927093659444
0.9412712417555095
0.6162687238311995
0.8260867053575778
0.7735133911198636
0.9187695964040532
0.6869348952273007
0.8768197669749173
0.8629254863660587
0.7734022262530367
0.6719076877697894
0.8549398276475195
0.8024982636390736
0.7904784596007932
0.908591296526454
0.7745020082304273
0.7719095813953791
0.5788349221862763
0.6558004485790268
0.9184248013605025
0.6541813991943033
0.812578650219038
0.8427206958069604
0.6632720602849582
0.7425874501991009
0.6667134297947301
0.8249288356212684
0.6418237588014175
0.7253351599128772
0.47598591948168656
0.7454661166195836
0.8513646989705611
0.747709733427385
0.8554122260942987
0.5967140875015904
0.8711826158671288
0.8151105518694243
0.7583420073070632
0.5859042793088656
0.7827201400883756
0.7485419652809507
0.6262573581425681
0.8942916991194264
0.8257280070283899
0.5896785987349368
0.7016993270097083
0.4611404842062856
0.7932755343866305
0.6924665713562251
0.6884693796982583
0.8669793792663539
0.6747762412525362
0.8873541547685501
0.731771659789962
0.8406307371241883
0.6424267192383202
0.6588688211041234
0.8448730991162767
0.8798827408158381
0.6906480277130489
0.6015736264018733
0.8423558217053821
0.6026650232637495
0.5180073775595172
0.6757875677858047
0.6356632669655109
0.643186275451146
0.7961797829588186
0.6446969445824835
0.7293515321771171
0.8665190547332726