0.41919875
0.52211064
0.34335887
0.32196522
0.36615884
0.30256355
0.10701135
0.4800247
0.35552222
0.35739553
0.38405517
0.16096185
0.17828909
0.42398226
0.47859725
0.22702691
0.13291335
0.1420404
0.6838107
0.49176043
0.33652925
0.4304266
0.5535268
0.1665662
0.7470141
0.380097
0.46983844
0.35722476
0.3909959
0.07960963
0.6535498
0.19014648
0.52703893
0.5997405
0.5089028
0.2032013
0.5429378
0.41675758
0.52106476
0.16998895
0.2305802
0.424772
0.5286318
0.52119815
0.30984384
0.45723534
0.48935652
0.19297878
0.50467575
0.3318588
0.34803283
0.4094838
0.40314245
0.5370252
0.06593536
0.5312402
0.17256662
0.48377332
0.34179005
0.14423728
0.57203496
0.7157475
0.49887663
0.16164388
0.54585826
0.44660968
0.20495301
0.1883737
0.42010236
0.12431419
0.55325884
0.45055485
0.25913757
0.14376315
0.14843687
0.33609033
0.3015764
-0.0029593837
0.18564011
0.35197735
0.087237105
0.55874944
0.3565289
0.684193
0.07185903
0.23188643
0.37635183
0.40688622
0.26087415
0.14730458
0.64261574
-0.079470575
-0.020013377
0.40277982
0.20424461
0.2196112
0.5446929
0.43664187
0.3136024
0.44551414