0.42523235
0.6200451
0.56977946
0.3410635
0.49863392
0.6833424
0.3215896
0.75019157
0.5611856
0.54697496
0.5814924
0.3777843
0.3530604
0.71063805
0.44472146
0.53627604
0.41780257
0.33022824
0.6515621
0.56819004
0.4654379
0.7033633
0.5929165
0.5072987
0.6914078
0.5384551
0.49162424
0.5170562
0.5709348
0.46575838
0.88191414
0.5715697
0.650614
0.5878248
0.6129
0.58356917
0.5675585
0.6876547
0.60724413
0.39414367
0.6160655
0.4901947
0.79140615
0.66516674
0.4286101
0.6042111
0.59377575
0.28377208
0.7486975
0.39505494
0.44182655
0.6224623
0.58662236
0.6066862
0.18398508
0.6524336
0.552909
0.552959
0.41407114
0.37386575
0.5087414
0.6992334
0.5959915
0.45690152
0.474308
0.6701
0.5022332
0.45884705
0.6546162
0.4353717
0.4649232
0.6251712
0.6784271
0.44319817
0.33811322
0.38789266
0.50181395
0.3559389
0.43567538
0.6979342
0.41797432
0.6350298
0.41017458
0.60639167
0.29381055
0.49310052
0.76204836
0.5378017
0.46919426
0.28806508
0.7283721
0.35872346
0.39008904
0.40262955
0.51336044
0.54261184
0.5036007
0.53576314
0.4561103
0.5423788