0.9343194
0.9411441
0.91186833
0.8895069
0.950456
0.9211612
0.90766585
0.921591
0.92050785
0.9237082
0.8782736
0.91844267
0.9027348
0.9603505
0.910047
0.93183535
0.89032745
0.8908535
0.9593618
0.94989455
0.9415732
0.9520056
0.9596747
0.8889554
0.9742553
0.9446818
0.9479258
0.9062707
0.9576562
0.9258902
0.9789443
0.8978794
0.95962405
0.9392302
0.94999486
0.93660533
0.9617271
0.9455179
0.94068694
0.9067223
0.925739
0.95694304
0.9541042
0.9489434
0.93196833
0.96248186
0.9401208
0.8974343
0.9626807
0.92646074
0.9528738
0.9273515
0.9477185
0.966696
0.9100761
0.9487084
0.9252493
0.9306954
0.8672993
0.9287007
0.9623791
0.972272
0.9538204
0.9032422
0.9572474
0.90283674
0.88592714
0.85570455
0.95748585
0.9360791
0.9055308
0.962132
0.9506884
0.8834275
0.8744604
0.8826185
0.9076805
0.9317114
0.9275151
0.93991506
0.9017032
0.9379561
0.94782877
0.94366264
0.88929594
0.9451122
0.9491981
0.96296173
0.93670666
0.8834501
0.9687331
0.8837429
0.89414066
0.9109038
0.94836205
0.9160175
0.9226905
0.91821724
0.9212836
0.95522517