0.8125
0.48275862068965514
0.375
0.7282608695652174
0.125
0.42307692307692313
0.5441176470588236
0.5333333333333333
0.13636363636363635
0.5
0.8666666666666667
0.1428571428571429
0.22033898305084743
0.7307692307692308
0.4444444444444444
0.875
0.375
0.7358490566037736
0.5365853658536586
0.5909090909090908
0.56
0.56
0.6842105263157895
0.75
0.8018867924528301
0.7142857142857143
0.1578947368421053
0.5333333333333333
0.782608695652174
0.4086021505376344
0.9069767441860466
0.9375
0.4375
0.6666666666666667
0.23333333333333328
0.46153846153846156
0.11764705882352944
0.5862068965517242
0.5517241379310345
0.40740740740740744
0.47058823529411764
0.13043478260869568
0.4736842105263158
0.10526315789473684
0.16000000000000003
0.44999999999999996
0.3913043478260869
0.6842105263157895
0.5277777777777778
0.7647058823529411
0.19047619047619047
0.23809523809523814
0.5882352941176471
0.875
0.42105263157894735
0.6041666666666667
0.8333333333333334
0.736842105263158
0.5714285714285714
0.7857142857142857
0.11111111111111116
0.6333333333333333
0.2272727272727273
0.4411764705882353
0.2142857142857143
0.16666666666666663
0.42307692307692313
0.5833333333333333
0.4375
0.47619047619047616
0.5
0.25
0.3137254901960784
0.6896551724137931
0.6
0.4347826086956522
0.42105263157894735
0.7083333333333333
0.7692307692307692
0.6842105263157895
0.2857142857142857
0.75
0.6799999999999999
0.8125
0.6153846153846154
0.18604651162790697
0.368421052631579
0.2666666666666667
0.1923076923076923
0.875
0.5581395348837209
0.8
0.6521739130434783
0.6842105263157895
0.09090909090909094
0.4642857142857143
0.27586206896551724
0.2272727272727273
0.11764705882352944
0.5
0.19047619047619047
0.8125
0.4
0.8260869565217391
0.75
0.7619047619047619
0.05882352941176472
0.33333333333333337
0.05555555555555558
0.7142857142857143
0.7777777777777778
0.17391304347826086
0.6923076923076923
0.4117647058823529
0.3513513513513513
0.8076923076923077
0.6363636363636364
0.4814814814814815
0.125
0.23529411764705888
0.6451612903225806
0.8409090909090909
0.6226415094339622
0.359375
0.6086956521739131
0.3928571428571429
0.5625
0.4545454545454546
0.4516129032258065
0.6
0.48484848484848486
0.8461538461538461
0.8846153846153846
0.6585365853658536
0.5833333333333333
0.6578947368421053
0.7413793103448276
0.23529411764705888
0.7333333333333334
0.4
0.7857142857142857
0.8666666666666667
0.7222222222222222
0.6153846153846154
0.050000000000000044
0.33333333333333337
0.6666666666666667
0.5636363636363637
0.8275862068965517
0.23076923076923073
0.5384615384615384
0.65
0.59375
0.7647058823529411
0.6603773584905661
0.4285714285714286
0.3125
0.2272727272727273
0.47619047619047616
0.6875
0.5813953488372092
0.868421052631579
0.18181818181818177
0.4444444444444444
0.8
0.5
0.29032258064516125
0.3846153846153846
0.6818181818181819
0.3055555555555556
0.25
0.13636363636363635
0.6521739130434783
0.84375
0.4666666666666667
0.6744186046511628
0.6111111111111112
0.5
0.3529411764705882
0.31818181818181823
0.6666666666666667
0.4
0.5925925925925926
0.25
0.5161290322580645
0.8275862068965517
0.19999999999999996
0.8048780487804879
0.6666666666666667
0.17647058823529416
0.4545454545454546
0.11111111111111116
0.4285714285714286
0.65
0.6842105263157895
0.0
0.8823529411764706
0.1923076923076923
0.6956521739130435
0.5833333333333333
0.3928571428571429
0.5882352941176471
0.88
0.6521739130434783
0.4347826086956522
0.33333333333333337
0.631578947368421
0.40740740740740744
0.6153846153846154
0.38888888888888884
0.3207547169811321
0.6666666666666667
0.7777777777777778
0.4
0.24
0.36363636363636365
0.5714285714285714
0.3846153846153846
0.1333333333333333
0.3571428571428571
0.4
0.2222222222222222
0.4117647058823529
0.8333333333333334
0.6153846153846154
0.8679245283018868
0.13043478260869568
0.5128205128205128
0.30434782608695654
0.2857142857142857
0.5
0.15000000000000002
0.368421052631579
0.125
0.06666666666666665
0.25
0.41666666666666663
0.34782608695652173
0.25
0.37209302325581395
0.3076923076923077
0.1282051282051282
0.6097560975609756
0.6470588235294117
0.20833333333333337
0.2592592592592593
0.26315789473684215
0.6086956521739131
0.8404255319148937
0.33333333333333337
0.47619047619047616
0.6666666666666667
0.9375
0.26881720430107525
0.23529411764705888
0.06666666666666665
0.5333333333333333
0.4285714285714286
0.6666666666666667
0.4285714285714286
0.55
0.4285714285714286
0.45833333333333337
0.7777777777777778
0.7441860465116279
0.5555555555555556
0.8571428571428572
0.48484848484848486
0.6
0.48
0.4285714285714286
0.6875
0.875
0.8571428571428572
0.23529411764705888
0.5357142857142857
0.7333333333333334
0.7857142857142857
0.18181818181818177
0.2954545454545454
0.5185185185185186
0.5882352941176471
0.0
0.6153846153846154
0.2222222222222222
0.6129032258064516
0.3846153846153846
0.736842105263158
0.8571428571428572
0.26086956521739135
0.19999999999999996
0.4666666666666667
0.35
0.7647058823529411
0.5757575757575757
0.4242424242424242
0.7083333333333333
0.7058823529411764
0.5
0.6603773584905661
0.2727272727272727
0.7142857142857143
0.3827160493827161
0.17647058823529416
0.5161290322580645
0.1785714285714286
0.0
0.9
0.9230769230769231
0.8387096774193549
0.5555555555555556
0.8181818181818181
0.5714285714285714
0.5833333333333333
0.5789473684210527
0.4375
0.23684210526315785
0.4285714285714286
0.7222222222222222
0.6470588235294117
0.65
0.467741935483871
0.1333333333333333
0.47619047619047616
0.5555555555555556
0.4285714285714286
0.7586206896551724
0.6129032258064516
0.5483870967741935
0.7638888888888888
0.8
0.5263157894736843
0.52
0.6799999999999999
0.26086956521739135
0.38888888888888884
0.5862068965517242
0.16666666666666663
0.4117647058823529
0.75
0.46875
0.875
0.24242424242424243
0.8909090909090909
0.47058823529411764
0.6271186440677966
0.4666666666666667
0.23529411764705888
0.7
0.4444444444444444
0.5333333333333333
0.9285714285714286
0.17391304347826086
0.48
0.33333333333333337
0.5652173913043479
0.6666666666666667
0.4117647058823529
0.7857142857142857
0.1875
0.5294117647058824
0.7037037037037037
0.8
0.40625
0.5714285714285714
0.6
0.6296296296296297
0.8571428571428572
0.8125
0.8529411764705882
0.4285714285714286
0.25806451612903225
0.7538461538461538
0.19354838709677424
0.5416666666666667
0.6190476190476191
0.16666666666666663
0.19047619047619047
0.6176470588235294
0.45833333333333337
0.4516129032258065
0.6875
0.1578947368421053
0.37209302325581395
0.6521739130434783
0.19999999999999996
0.7058823529411764
0.25806451612903225
0.8
0.4693877551020408
0.7857142857142857
0.4482758620689655
0.29032258064516125
0.25
0.7647058823529411
0.4117647058823529
0.7
0.6521739130434783
0.4117647058823529
0.19354838709677424
0.782608695652174
0.33333333333333337
0.33333333333333337
0.33333333333333337
0.46153846153846156
0.7222222222222222
0.7592592592592593
0.8
0.10526315789473684
0.3793103448275862
0.1923076923076923
0.5555555555555556
0.17391304347826086
0.3870967741935484
0.2142857142857143
0.2857142857142857
0.7857142857142857
0.09999999999999998
0.6
0.6
0.52
0.6111111111111112
0.9024390243902439
0.46153846153846156
0.1875
0.1071428571428571
0.3571428571428571
0.4878048780487805
0.3846153846153846
0.7575757575757576
0.6964285714285714
0.375
0.7857142857142857
0.16000000000000003
0.13636363636363635
0.5434782608695652
0.3913043478260869
0.2857142857142857
0.5526315789473684
0.46153846153846156
0.19999999999999996
0.17647058823529416
0.21052631578947367
0.6666666666666667
0.5714285714285714
0.5652173913043479
0.5714285714285714
0.7857142857142857
0.7857142857142857
0.5079365079365079
0.4
0.15000000000000002
0.5555555555555556
0.11764705882352944
0.5416666666666667
0.8461538461538461
0.7272727272727273
0.8846153846153846
0.8275862068965517
0.7948717948717949
0.5714285714285714
0.6956521739130435
0.3513513513513513
0.618421052631579
0.2777777777777778
0.736842105263158
0.6086956521739131
0.6190476190476191
0.7906976744186046
0.896551724137931
0.6521739130434783
0.3472222222222222
0.4666666666666667
0.375
0.8666666666666667
0.17391304347826086
0.4736842105263158
0.9090909090909091
0.23529411764705888
0.368421052631579
0.8260869565217391
0.4482758620689655
0.4545454545454546
0.19999999999999996
0.3913043478260869
0.5
0.16666666666666663
0.8059701492537313
0.5714285714285714
0.1428571428571429
0.5
0.7692307692307692
0.2678571428571429
0.25
0.375
0.7777777777777778
0.25806451612903225
0.7
0.3584905660377359
0.5
0.85
0.5172413793103448
0.5588235294117647
0.7333333333333334
0.8333333333333334
0.782608695652174
0.5384615384615384
0.10526315789473684
0.84
0.16666666666666663
0.7333333333333334
0.3513513513513513
0.6
0.34375
0.7333333333333334
0.0
0.18181818181818177
0.4509803921568627
0.8333333333333334
0.21212121212121215
0.5625
0.3571428571428571
0.5625
0.8125
0.6521739130434783
0.10526315789473684
0.6538461538461539
0.9047619047619048
0.5714285714285714
0.875
0.05882352941176472
0.10526315789473684
0.3529411764705882
0.5294117647058824
0.896551724137931
0.25
0.16666666666666663
0.5
0.16129032258064513
0.65
0.47058823529411764
0.7777777777777778
0.6716417910447761
0.4444444444444444
0.8571428571428572
0.8214285714285714
0.8823529411764706
0.21739130434782605
0.868421052631579
0.6666666666666667
0.7142857142857143
0.44999999999999996
0.3928571428571429
0.8
0.4782608695652174
0.26315789473684215
0.19999999999999996
0.030303030303030276
0.33333333333333337
0.75
0.8909090909090909
0.47058823529411764
0.5888888888888889
0.59375
0.5416666666666667
0.43999999999999995
0.8
0.5909090909090908
0.17647058823529416
0.5925925925925926
0.23529411764705888
0.7777777777777778
0.1333333333333333
0.6511627906976745
0.7777777777777778
0.5384615384615384
0.6136363636363636
0.6666666666666667
0.5
0.6
0.4285714285714286
0.4666666666666667
0.25
0.4
0.5666666666666667
0.6923076923076923
0.7692307692307692
0.5151515151515151
0.38983050847457623
0.5454545454545454
0.7358490566037736
0.5172413793103448
0.16666666666666663
0.6923076923076923
0.7692307692307692
0.1071428571428571
0.76
0.4482758620689655
0.0
0.5555555555555556
0.46153846153846156
0.8518518518518519
0.6666666666666667
0.4117647058823529
0.21052631578947367
0.5714285714285714
0.8
0.8666666666666667
0.10344827586206895
0.6923076923076923
0.25
0.4
0.5
0.31818181818181823
0.17391304347826086
0.9473684210526316
0.8461538461538461
0.5882352941176471
0.09090909090909094
0.7619047619047619
0.7894736842105263
0.8
0.25
0.33333333333333337
0.6086956521739131
0.6818181818181819
0.17647058823529416
0.45833333333333337
0.5118110236220472
0.5625
0.5
0.8260869565217391
0.5882352941176471
0.6666666666666667
0.5
0.7837837837837838
0.09523809523809523
0.28
0.13636363636363635
0.13636363636363635
0.25
0.09999999999999998
0.2941176470588235
0.43333333333333335
0.2272727272727273
0.12
0.6923076923076923
0.26315789473684215
0.25806451612903225
0.9285714285714286
0.6666666666666667
0.05882352941176472
0.17647058823529416
0.9285714285714286
0.7777777777777778
0.4157303370786517
0.5384615384615384
0.8636363636363636
0.33333333333333337
0.8823529411764706
0.4444444444444444
0.9230769230769231
0.6111111111111112
0.7941176470588236
0.23529411764705888
0.3513513513513513
0.8
0.5384615384615384
0.26315789473684215
0.1428571428571429
0.7794117647058824
0.3076923076923077
0.4
0.23529411764705888
0.9230769230769231
0.31818181818181823
0.375
0.4375
0.3529411764705882
0.07317073170731703
0.6923076923076923
0.5454545454545454
0.65
0.6666666666666667
0.4571428571428572
0.5517241379310345
0.5161290322580645
0.6388888888888888
0.7317073170731707
0.62
0.16000000000000003
0.8461538461538461
0.7096774193548387
0.18181818181818177
0.8235294117647058
0.2666666666666667
0.3188405797101449
0.6811594202898551
0.8461538461538461
0.21052631578947367
0.6538461538461539
0.3846153846153846
0.6842105263157895
0.3913043478260869
0.9069767441860466
0.4222222222222223
0.15000000000000002
0.11764705882352944
0.18181818181818177
0.7083333333333333
0.4725274725274725
0.631578947368421
0.8181818181818181
0.9375
0.1875
0.5625
0.926829268292683
0.2857142857142857
0.4375
0.6129032258064516
0.368421052631579
0.36734693877551017
0.35
0.6923076923076923
0.5384615384615384
0.5555555555555556
0.8
0.25
0.8235294117647058
0.4444444444444444
0.3902439024390244
0.37254901960784315
0.8461538461538461
0.4736842105263158
0.6666666666666667
0.1578947368421053
0.27692307692307694
0.5652173913043479
0.33333333333333337
0.5151515151515151
0.85
0.8
0.43333333333333335
0.5
0.5294117647058824
0.5357142857142857
0.44999999999999996
0.9166666666666666
0.5185185185185186
0.5348837209302326
0.36111111111111116
0.46153846153846156
0.5714285714285714
0.25806451612903225
0.29166666666666663
0.8775510204081632
0.2857142857142857
0.4642857142857143
0.5161290322580645
0.967741935483871
0.052631578947368474
0.21739130434782605
0.8888888888888888
0.7894736842105263
0.1333333333333333
0.65
0.7317073170731707
0.5384615384615384
0.48484848484848486
0.34782608695652173
0.5555555555555556
0.21052631578947367
0.34615384615384615
0.5277777777777778
0.4285714285714286
0.375
0.6206896551724138
0.5
0.10344827586206895
0.5238095238095238
0.5333333333333333
0.5833333333333333
0.7538461538461538
0.5454545454545454
0.4509803921568627
0.7222222222222222
0.16666666666666663
0.8076923076923077
0.7647058823529411
0.4782608695652174
0.625
0.7333333333333334
0.4
0.8947368421052632
0.8461538461538461
0.4642857142857143
0.2222222222222222
0.2857142857142857
0.8461538461538461
0.38235294117647056
0.19999999999999996
0.8666666666666667
0.2698412698412699
0.7222222222222222
0.8541666666666666
0.4285714285714286
0.6875
0.6981132075471699
0.15625
0.5483870967741935
0.8
0.1428571428571429
0.7037037037037037
0.05882352941176472
0.47058823529411764
0.5263157894736843
0.3076923076923077
0.2153846153846154
0.6764705882352942
0.8
0.125
0.875
0.5
0.6470588235294117
0.875
0.8780487804878049
0.75
0.7096774193548387
0.6842105263157895
0.9230769230769231
0.8292682926829268
0.052631578947368474
0.3142857142857143
0.30952380952380953
0.782608695652174
0.8888888888888888
0.6111111111111112
0.19047619047619047
0.5106382978723405
0.4722222222222222
0.736842105263158
0.4473684210526315
0.5873015873015873
0.8
0.782608695652174
0.13636363636363635
0.6
0.84
0.3913043478260869
0.76
0.7083333333333333
0.8372093023255813
0.6086956521739131
0.4107142857142857
0.4666666666666667
0.4838709677419355
0.875
0.6
0.7333333333333334
0.6290322580645161
0.25
0.6470588235294117
0.7058823529411764
0.375
0.0625
0.2727272727272727
0.1428571428571429
0.6617647058823529
0.4516129032258065
0.24
0.6111111111111112
0.6875
0.20833333333333337
0.16129032258064513
0.7857142857142857
0.72
0.9230769230769231
0.3529411764705882
0.3793103448275862
0.5384615384615384
0.4444444444444444
0.5555555555555556
0.8461538461538461
0.875
0.4736842105263158
0.19999999999999996
0.20967741935483875
0.627906976744186
0.64
0.6
0.21739130434782605
0.7619047619047619
0.4482758620689655
0.8709677419354839
0.4782608695652174
0.43103448275862066
0.25
0.33333333333333337
0.16666666666666663
0.5555555555555556
0.6875
0.7647058823529411
0.3913043478260869
0.8301886792452831
0.5238095238095238
0.8767123287671232
0.7391304347826086
0.42307692307692313
0.16666666666666663
0.13888888888888884
0.6896551724137931
0.17647058823529416
0.11764705882352944
0.5714285714285714
0.0
0.7142857142857143
0.25
0.1578947368421053
0.5238095238095238
0.4545454545454546
0.8888888888888888
0.0714285714285714
0.19999999999999996
0.2142857142857143
0.19999999999999996
0.3571428571428571
0.375
0.17647058823529416
0.5714285714285714
0.17647058823529416
0.33333333333333337
0.42028985507246375
0.7333333333333334
0.8064516129032258
0.125
0.8
0.4137931034482759
0.6799999999999999
0.8
0.2028985507246377
0.875
0.4736842105263158
0.7083333333333333
0.6470588235294117
0.7333333333333334
0.4736842105263158
0.8333333333333334
0.26315789473684215
0.5
0.23809523809523814
0.5135135135135135
0.07692307692307687
0.0
0.6666666666666667
0.6
0.20833333333333337
0.6222222222222222
0.8
0.7058823529411764
0.6341463414634146
0.1333333333333333
0.41666666666666663
0.5769230769230769
0.2272727272727273
0.19999999999999996
0.9032258064516129
0.5714285714285714
0.5
0.6
0.5
0.25
0.30927835051546393
0.5116279069767442
0.625
0.6
0.25
0.33333333333333337
0.26086956521739135
0.05555555555555558
0.2682926829268293
0.22580645161290325
0.5681818181818181
0.10526315789473684
0.30000000000000004
0.47619047619047616
0.7647058823529411
0.4285714285714286
0.7857142857142857
0.8
0.5806451612903225
0.8571428571428572
0.7777777777777778
0.6296296296296297
0.56
0.4
0.6666666666666667
0.38095238095238093
0.78125
0.19999999999999996
0.875
0.8695652173913043
0.85
0.631578947368421
0.2222222222222222
0.4444444444444444
0.8571428571428572
0.5454545454545454
0.7931034482758621
0.33333333333333337
0.2777777777777778
0.3846153846153846
0.16666666666666663
0.8275862068965517
0.19117647058823528
0.04166666666666663
0.6521739130434783
0.8461538461538461
0.8
0.7333333333333334
0.8235294117647058
0.6206896551724138
0.782608695652174
0.1578947368421053
0.75
0.4418604651162791
0.125
0.25
0.8235294117647058
0.6538461538461539
0.7692307692307692
0.4666666666666667
0.5
0.26086956521739135
0.5789473684210527
0.6216216216216216
0.7903225806451613
0.17391304347826086
0.8461538461538461
0.46153846153846156
0.47058823529411764
0.5769230769230769
0.13043478260869568
0.3188405797101449
0.6956521739130435
0.33333333333333337
0.6153846153846154
0.6875
0.7777777777777778
0.36363636363636365
0.6956521739130435
0.47058823529411764
0.47916666666666663
0.35
0.47619047619047616
0.2911392405063291
0.6071428571428572
0.13793103448275867
0.8125
0.7692307692307692
0.6428571428571428
0.7857142857142857
0.803921568627451
0.16666666666666663
0.8666666666666667
0.4
0.38095238095238093
0.06666666666666665
0.5357142857142857