0.43739533
0.58694786
0.552706
0.37937286
0.5280166
0.6374763
0.3749214
0.71636057
0.551264
0.5136254
0.6093784
0.37727702
0.30691576
0.67769325
0.45023072
0.5129718
0.38702366
0.4321937
0.6349853
0.5889118
0.49863088
0.7329028
0.5947464
0.4744894
0.7093243
0.53803617
0.50292635
0.44300812
0.5596283
0.40133372
0.82378834
0.56958663
0.6363207
0.61704546
0.6369606
0.51535046
0.5688044
0.66257125
0.6070717
0.39925757
0.5973083
0.4773382
0.6625613
0.63121253
0.44555998
0.61185753
0.5697792
0.28449368
0.76054263
0.42027634
0.42772377
0.5779231
0.587388
0.6015953
0.24008374
0.67171085
0.45866996
0.5196352
0.43339956
0.3787254
0.4805567
0.6946454
0.59371006
0.4324373
0.53673893
0.7150666
0.47338215
0.43243712
0.6298352
0.4309789
0.4484351
0.6105892
0.6689612
0.48283324
0.36343157
0.4426399
0.5256066
0.32017493
0.42914826
0.73262477
0.42485738
0.68600535
0.38330105
0.63015527
0.25285056
0.44823402
0.7008884
0.5642392
0.44726044
0.27505243
0.7388158
0.31240624
0.37460592
0.3668528
0.4804411
0.4863956
0.49331015
0.44527844
0.41359586
0.58715653