0.6168065
0.68523276
0.48094907
0.659366
0.66649234
0.59406036
0.4660848
0.670228
0.5745786
0.5337507
0.5853456
0.50147325
0.49890986
0.7070699
0.73672915
0.60930943
0.48522702
0.6206611
0.80554146
0.6716629
0.5455549
0.688836
0.7822891
0.50059736
0.8355039
0.67047787
0.65300524
0.5884359
0.692692
0.39382428
0.7832502
0.5575581
0.7435986
0.74361145
0.5346971
0.6919549
0.6818868
0.6969094
0.71685815
0.41114736
0.62234807
0.5460784
0.70943123
0.66865945
0.54051435
0.6744379
0.41968024
0.58203655
0.69347686
0.603865
0.6905829
0.6800471
0.74606466
0.7161292
0.5735326
0.62285125
0.39215928
0.6903671
0.5938454
0.59549004
0.7250769
0.7730824
0.67308533
0.58353937
0.68529296
0.65782094
0.5537541
0.47416902
0.65142274
0.42485112
0.63009816
0.6657823
0.6761824
0.566074
0.6083959
0.6435027
0.6169328
0.6247169
0.6610135
0.61704266
0.55629236
0.59521246
0.680542
0.7387304
0.44557062
0.71688426
0.6008525
0.67579603
0.6176464
0.5604694
0.7596389
0.500582
0.38945132
0.591243
0.527373
0.46937454
0.7161358
0.666365
0.5029526
0.7433555