0.7857142857142857
0.5652173913043479
0.5
0.734375
0.2142857142857143
0.3529411764705882
0.4782608695652174
0.5714285714285714
0.0
0.4545454545454546
0.8181818181818181
0.0714285714285714
0.1578947368421053
0.6428571428571428
0.6666666666666667
0.8461538461538461
0.4
0.7297297297297297
0.5
0.5833333333333333
0.7
0.5428571428571429
0.7692307692307692
0.7272727272727273
0.8307692307692307
0.7
0.18181818181818177
0.5454545454545454
0.75
0.46875
0.896551724137931
1.0
0.3846153846153846
0.6363636363636364
0.16666666666666663
0.5
0.0
0.6428571428571428
0.42105263157894735
0.4
0.4545454545454546
0.0
0.5
0.11111111111111116
0.0
0.375
0.3076923076923077
0.5714285714285714
0.5
0.8888888888888888
0.18181818181818177
0.07692307692307687
0.6
0.8333333333333334
0.43999999999999995
0.6428571428571428
0.8095238095238095
0.7647058823529411
0.6190476190476191
0.8
0.0625
0.6470588235294117
0.18181818181818177
0.4347826086956522
0.5
0.23529411764705888
0.34782608695652173
0.6071428571428572
0.5
0.5
0.6153846153846154
0.41666666666666663
0.32352941176470584
0.7083333333333333
0.6363636363636364
0.30000000000000004
0.4
0.6666666666666667
0.8888888888888888
0.6
0.3846153846153846
0.7
0.65625
0.8
0.6190476190476191
0.1428571428571429
0.33333333333333337
0.2727272727272727
0.16666666666666663
0.8888888888888888
0.5666666666666667
0.7142857142857143
0.7045454545454546
0.6428571428571428
0.0
0.5
0.2222222222222222
0.25
0.0
0.5
0.0
0.9166666666666666
0.41666666666666663
0.875
0.75
0.5833333333333333
0.09999999999999998
0.5
0.125
0.9090909090909091
0.7916666666666666
0.0
0.7777777777777778
0.46153846153846156
0.30434782608695654
0.8095238095238095
0.6428571428571428
0.4
0.16666666666666663
0.125
0.8095238095238095
0.8
0.5833333333333333
0.3421052631578947
0.6666666666666667
0.3846153846153846
0.6923076923076923
0.5384615384615384
0.4
0.5833333333333333
0.5555555555555556
0.8888888888888888
0.8125
0.6296296296296297
0.5789473684210527
0.7241379310344828
0.7647058823529411
0.09999999999999998
0.6363636363636364
0.18181818181818177
0.8181818181818181
0.8181818181818181
0.6153846153846154
0.65
0.11111111111111116
0.31818181818181823
0.5882352941176471
0.6857142857142857
0.8636363636363636
0.2857142857142857
0.4
0.7142857142857143
0.6470588235294117
0.8888888888888888
0.7142857142857143
0.3846153846153846
0.125
0.375
0.375
0.6923076923076923
0.59375
0.84
0.09999999999999998
0.3846153846153846
0.6818181818181819
0.5416666666666667
0.28205128205128205
0.5384615384615384
0.6666666666666667
0.33333333333333337
0.4285714285714286
0.0
0.6111111111111112
0.9047619047619048
0.41666666666666663
0.6666666666666667
0.8
0.5
0.5
0.4545454545454546
0.6060606060606061
0.4
0.55
0.3846153846153846
0.38888888888888884
0.825
0.17647058823529416
0.7407407407407407
0.6428571428571428
0.09090909090909094
0.4117647058823529
0.0
0.3846153846153846
0.7692307692307692
0.7692307692307692
0.11111111111111116
0.8333333333333334
0.0
0.6842105263157895
0.5
0.2142857142857143
0.6153846153846154
1.0
0.59375
0.46153846153846156
0.1333333333333333
0.625
0.4
0.6
0.16666666666666663
0.4
0.6818181818181819
0.8461538461538461
0.3571428571428571
0.1578947368421053
0.2777777777777778
0.5833333333333333
0.368421052631579
0.09999999999999998
0.30000000000000004
0.3571428571428571
0.0
0.3571428571428571
0.8095238095238095
0.6
0.875
0.0
0.5384615384615384
0.25
0.16666666666666663
0.5454545454545454
0.09090909090909094
0.23076923076923073
0.11111111111111116
0.125
0.11111111111111116
0.4
0.375
0.2222222222222222
0.4482758620689655
0.3571428571428571
0.0
0.6785714285714286
0.6666666666666667
0.0
0.2272727272727273
0.19999999999999996
0.5789473684210527
0.8301886792452831
0.34285714285714286
0.4444444444444444
0.6857142857142857
0.8888888888888888
0.203125
0.11111111111111116
0.0
0.5
0.4
0.6666666666666667
0.3846153846153846
0.6153846153846154
0.25
0.5
0.9166666666666666
0.6896551724137931
0.5
1.0
0.5
0.5833333333333333
0.5
0.33333333333333337
0.8181818181818181
1.0
0.75
0.11111111111111116
0.5
0.8181818181818181
0.8
0.0
0.20833333333333337
0.5909090909090908
0.5833333333333333
0.0
0.625
0.2222222222222222
0.6
0.37209302325581395
0.6875
0.8333333333333334
0.19999999999999996
0.4
0.5454545454545454
0.33333333333333337
0.7272727272727273
0.5416666666666667
0.35
0.6666666666666667
0.75
0.4117647058823529
0.6216216216216216
0.21212121212121215
0.6666666666666667
0.3913043478260869
0.125
0.5
0.125
0.09999999999999998
0.8571428571428572
0.9
0.8
0.4736842105263158
0.8636363636363636
0.4545454545454546
0.5428571428571429
0.5384615384615384
0.36363636363636365
0.29166666666666663
0.4666666666666667
0.7333333333333334
0.7
0.6
0.4571428571428572
0.07692307692307687
0.3125
0.46153846153846156
0.5
0.7391304347826086
0.5625
0.5714285714285714
0.76
0.7857142857142857
0.41666666666666663
0.5454545454545454
0.6470588235294117
0.2142857142857143
0.40909090909090906
0.6666666666666667
0.0714285714285714
0.3846153846153846
0.8125
0.5882352941176471
0.9166666666666666
0.3125
0.9032258064516129
0.5294117647058824
0.6052631578947368
0.30000000000000004
0.19999999999999996
0.736842105263158
0.33333333333333337
0.5454545454545454
1.0
0.0
0.5
0.25
0.5
0.6842105263157895
0.36363636363636365
0.8
0.125
0.6086956521739131
0.7
0.8333333333333334
0.39473684210526316
0.6666666666666667
0.5833333333333333
0.625
0.8181818181818181
0.8571428571428572
0.8260869565217391
0.5
0.16666666666666663
0.7894736842105263
0.04761904761904767
0.48484848484848486
0.5
0.2857142857142857
0.125
0.6470588235294117
0.2857142857142857
0.33333333333333337
0.7222222222222222
0.0
0.3571428571428571
0.5833333333333333
0.18181818181818177
0.7333333333333334
0.4444444444444444
0.8
0.4516129032258065
0.8181818181818181
0.44897959183673475
0.30434782608695654
0.41666666666666663
0.6842105263157895
0.5
0.6666666666666667
0.5384615384615384
0.33333333333333337
0.06666666666666665
0.8125
0.4285714285714286
0.1875
0.2666666666666667
0.41666666666666663
0.6666666666666667
0.7761194029850746
0.8181818181818181
0.0
0.3913043478260869
0.17647058823529416
0.47058823529411764
0.08333333333333337
0.38888888888888884
0.36363636363636365
0.23684210526315785
0.6666666666666667
0.09090909090909094
0.5833333333333333
0.625
0.47058823529411764
0.8
0.9166666666666666
0.4285714285714286
0.0
0.05555555555555558
0.19999999999999996
0.5357142857142857
0.4117647058823529
0.75
0.6666666666666667
0.3529411764705882
0.7272727272727273
0.19999999999999996
0.0
0.4516129032258065
0.375
0.2222222222222222
0.41666666666666663
0.4736842105263158
0.06666666666666665
0.125
0.09999999999999998
0.6470588235294117
0.5882352941176471
0.5833333333333333
0.5833333333333333
0.75
0.8
0.5263157894736843
0.41666666666666663
0.08333333333333337
0.7
0.09999999999999998
0.5333333333333333
0.8
0.6666666666666667
0.8235294117647058
0.8235294117647058
0.7307692307692308
0.5666666666666667
0.7
0.34782608695652173
0.6086956521739131
0.2857142857142857
0.8125
0.6428571428571428
0.6666666666666667
0.7857142857142857
0.95
0.6666666666666667
0.28
0.4545454545454546
0.47058823529411764
0.8333333333333334
0.08333333333333337
0.19999999999999996
0.9285714285714286
0.16666666666666663
0.18181818181818177
0.7894736842105263
0.48
0.6363636363636364
0.15384615384615385
0.38636363636363635
0.5
0.09999999999999998
0.9
0.5
0.0714285714285714
0.33333333333333337
0.7272727272727273
0.17647058823529416
0.11111111111111116
0.3846153846153846
0.75
0.234375
0.8421052631578947
0.34375
0.4545454545454546
0.75
0.5
0.52
0.7272727272727273
0.8181818181818181
0.8666666666666667
0.5238095238095238
0.16666666666666663
0.8947368421052632
0.2142857142857143
0.8181818181818181
0.21739130434782605
0.7692307692307692
0.17647058823529416
0.7692307692307692
0.0
0.23076923076923073
0.48571428571428577
0.8125
0.05882352941176472
0.5555555555555556
0.33333333333333337
0.5
0.8
0.65
0.18181818181818177
0.6666666666666667
0.9166666666666666
0.5833333333333333
1.0
0.11111111111111116
0.0
0.47058823529411764
0.5789473684210527
0.875
0.25
0.2777777777777778
0.3913043478260869
0.1428571428571429
0.6
0.40909090909090906
0.75
0.6599999999999999
0.41666666666666663
0.8181818181818181
0.8
0.8333333333333334
0.06666666666666665
0.8695652173913043
0.7083333333333333
0.7647058823529411
0.5625
0.31999999999999995
0.7142857142857143
0.5789473684210527
0.11111111111111116
0.18181818181818177
0.0
0.2666666666666667
0.6666666666666667
0.8484848484848485
0.4
0.5737704918032787
0.5833333333333333
0.6923076923076923
0.36363636363636365
0.8461538461538461
0.5588235294117647
0.09999999999999998
0.375
0.2222222222222222
0.6923076923076923
0.0
0.6666666666666667
0.7692307692307692
0.65
0.6176470588235294
0.5555555555555556
0.55
0.5
0.5
0.5454545454545454
0.16666666666666663
0.41666666666666663
0.5
0.5555555555555556
0.8888888888888888
0.5833333333333333
0.39473684210526316
0.5
0.7142857142857143
0.4444444444444444
0.09090909090909094
0.6842105263157895
0.6
0.0
0.6666666666666667
0.4
0.0
0.625
0.41666666666666663
0.7777777777777778
0.6666666666666667
0.2941176470588235
0.11111111111111116
0.7777777777777778
0.8571428571428572
0.8
0.0
0.6923076923076923
0.2857142857142857
0.41666666666666663
0.5333333333333333
0.3125
0.21052631578947367
0.9090909090909091
0.8
0.5
0.16666666666666663
0.7692307692307692
0.7272727272727273
0.8
0.09999999999999998
0.33333333333333337
0.5
0.6666666666666667
0.19999999999999996
0.3571428571428571
0.5866666666666667
0.6363636363636364
0.41666666666666663
0.8421052631578947
0.6
0.6153846153846154
0.5
0.8947368421052632
0.0
0.2142857142857143
0.15384615384615385
0.18181818181818177
0.19565217391304346
0.0
0.2857142857142857
0.3529411764705882
0.16666666666666663
0.0
0.6538461538461539
0.19999999999999996
0.1578947368421053
0.8888888888888888
0.6666666666666667
0.09999999999999998
0.11111111111111116
0.9
0.8260869565217391
0.36
0.5238095238095238
0.9090909090909091
0.3571428571428571
0.8571428571428572
0.47619047619047616
0.9
0.6
0.8181818181818181
0.4
0.34782608695652173
0.75
0.6
0.125
0.09090909090909094
0.8
0.2727272727272727
0.3846153846153846
0.2142857142857143
0.9090909090909091
0.33333333333333337
0.3571428571428571
0.4545454545454546
0.09999999999999998
0.04166666666666663
0.6
0.6111111111111112
0.6363636363636364
0.7142857142857143
0.36
0.52
0.5217391304347826
0.6170212765957447
0.7142857142857143
0.6216216216216216
0.0714285714285714
0.8
0.6521739130434783
0.33333333333333337
0.7692307692307692
0.33333333333333337
0.23404255319148937
0.75
0.8
0.09999999999999998
0.75
0.30000000000000004
0.7
0.33333333333333337
0.8620689655172413
0.48484848484848486
0.33333333333333337
0.0
0.0
0.7142857142857143
0.4509803921568627
0.6923076923076923
0.8
0.8888888888888888
0.125
0.5
0.8928571428571429
0.09999999999999998
0.33333333333333337
0.6086956521739131
0.2857142857142857
0.375
0.18181818181818177
0.6538461538461539
0.5238095238095238
0.4
0.7272727272727273
0.2857142857142857
0.85
0.19999999999999996
0.4285714285714286
0.4
0.8
0.4642857142857143
0.7272727272727273
0.0
0.2702702702702703
0.5
0.19999999999999996
0.5652173913043479
0.7692307692307692
0.8
0.5
0.47619047619047616
0.5
0.5454545454545454
0.5625
0.875
0.4375
0.53125
0.31999999999999995
0.41666666666666663
0.6190476190476191
0.4285714285714286
0.3076923076923077
0.935483870967742
0.2941176470588235
0.5
0.4444444444444444
0.9523809523809523
0.1428571428571429
0.30000000000000004
0.8333333333333334
0.6923076923076923
0.25
0.7692307692307692
0.6666666666666667
0.65
0.47058823529411764
0.25
0.5833333333333333
0.16666666666666663
0.41666666666666663
0.4736842105263158
0.33333333333333337
0.38888888888888884
0.6521739130434783
0.5
0.11111111111111116
0.6
0.5555555555555556
0.5714285714285714
0.8333333333333334
0.6666666666666667
0.46875
0.7333333333333334
0.0
0.7894736842105263
0.75
0.5333333333333333
0.6666666666666667
0.7272727272727273
0.3695652173913043
0.7777777777777778
0.8157894736842105
0.47619047619047616
0.0
0.33333333333333337
0.9090909090909091
0.3913043478260869
0.16666666666666663
0.8181818181818181
0.2894736842105263
0.6153846153846154
0.8181818181818181
0.25
0.5555555555555556
0.7096774193548387
0.06666666666666665
0.4375
0.9090909090909091
0.09090909090909094
0.6818181818181819
0.09999999999999998
0.4347826086956522
0.52
0.375
0.16216216216216217
0.7058823529411764
0.75
0.09999999999999998
0.8333333333333334
0.5
0.6956521739130435
0.8888888888888888
0.8518518518518519
0.7692307692307692
0.6666666666666667
0.75
0.9130434782608696
0.7857142857142857
0.09999999999999998
0.2857142857142857
0.3571428571428571
0.75
0.9230769230769231
0.5384615384615384
0.18181818181818177
0.48275862068965514
0.3913043478260869
0.6428571428571428
0.4545454545454546
0.6052631578947368
0.8181818181818181
0.7894736842105263
0.0
0.6785714285714286
0.7894736842105263
0.4285714285714286
0.7647058823529411
0.736842105263158
0.8285714285714285
0.6923076923076923
0.4
0.4545454545454546
0.4117647058823529
0.8
0.5961538461538461
0.7692307692307692
0.6363636363636364
0.19999999999999996
0.6666666666666667
0.6857142857142857
0.3076923076923077
0.09090909090909094
0.4117647058823529
0.0
0.7272727272727273
0.3529411764705882
0.0
0.6
0.7647058823529411
0.1428571428571429
0.0
0.8
0.6428571428571428
0.9
0.09999999999999998
0.2857142857142857
0.625
0.36363636363636365
0.6
0.8
0.8615384615384616
0.5
0.08333333333333337
0.18918918918918914
0.6071428571428572
0.6428571428571428
0.5833333333333333
0.125
0.6153846153846154
0.4285714285714286
0.9
0.5
0.47058823529411764
0.0
0.30000000000000004
0.052631578947368474
0.4736842105263158
0.7619047619047619
0.8
0.4117647058823529
0.875
0.6153846153846154
0.875
0.7741935483870968
0.3846153846153846
0.125
0.26086956521739135
0.6764705882352942
0.0
0.13043478260869568
0.41666666666666663
0.18181818181818177
0.6923076923076923
0.21875
0.09999999999999998
0.4285714285714286
0.5
0.8125
0.19999999999999996
0.125
0.2857142857142857
0.26315789473684215
0.5
0.32352941176470584
0.0
0.5
0.19999999999999996
0.25
0.34042553191489366
0.8888888888888888
0.9285714285714286
0.09999999999999998
0.75
0.3571428571428571
0.65625
0.7692307692307692
0.1777777777777778
1.0
0.4642857142857143
0.6666666666666667
0.782608695652174
0.8260869565217391
0.4375
0.8260869565217391
0.19999999999999996
0.5
0.2666666666666667
0.4347826086956522
0.0
0.11111111111111116
0.6153846153846154
0.4666666666666667
0.23076923076923073
0.6333333333333333
0.8409090909090909
0.7222222222222222
0.6785714285714286
0.125
0.40909090909090906
0.5789473684210527
0.0
0.11111111111111116
0.9047619047619048
0.6153846153846154
0.6428571428571428
0.46153846153846156
0.45833333333333337
0.16666666666666663
0.3870967741935484
0.5
0.6428571428571428
0.5238095238095238
0.19999999999999996
0.2222222222222222
0.4666666666666667
0.125
0.20833333333333337
0.16666666666666663
0.5333333333333333
0.08333333333333337
0.23076923076923073
0.5333333333333333
0.8
0.36363636363636365
0.8888888888888888
0.75
0.5714285714285714
0.7692307692307692
0.7692307692307692
0.5625
0.5714285714285714
0.41666666666666663
0.6153846153846154
0.46153846153846156
0.8421052631578947
0.15000000000000002
0.9090909090909091
0.85
0.7857142857142857
0.6
0.25
0.4545454545454546
0.625
0.6666666666666667
0.7619047619047619
0.33333333333333337
0.275
0.4
0.30000000000000004
0.8333333333333334
0.15555555555555556
0.06666666666666665
0.75
0.8
0.75
0.7272727272727273
0.8
0.6
0.6153846153846154
0.1875
0.8461538461538461
0.3448275862068966
0.06666666666666665
0.1428571428571429
0.75
0.5789473684210527
0.7619047619047619
0.44999999999999996
0.4285714285714286
0.2142857142857143
0.75
0.6060606060606061
0.8181818181818181
0.375
0.8
0.47619047619047616
0.46153846153846156
0.4117647058823529
0.0714285714285714
0.25
0.6923076923076923
0.33333333333333337
0.5
0.7142857142857143
0.8
0.52
0.6470588235294117
0.5
0.5
0.33333333333333337
0.5333333333333333
0.26415094339622647
0.6111111111111112
0.16666666666666663
0.8181818181818181
0.7777777777777778
0.5
0.7272727272727273
0.8918918918918919
0.11111111111111116
0.9090909090909091
0.3076923076923077
0.4666666666666667
0.09999999999999998
0.5454545454545454