0.11111111111111116
0.10526315789473684
0.25
0.0
0.1923076923076923
0.1428571428571429
0.0
0.33333333333333337
0.0
0.18181818181818177
0.125
0.0625
0.0
0.2666666666666667
0.0
0.0
0.0
0.0
0.3157894736842105
0.09090909090909094
0.1333333333333333
0.25
0.1333333333333333
0.06666666666666665
0.40909090909090906
0.0
0.04166666666666663
0.06666666666666665
0.13636363636363635
0.0
0.5714285714285714
0.0714285714285714
0.0625
0.15384615384615385
0.15384615384615385
0.2142857142857143
0.18181818181818177
0.23529411764705888
0.0
0.0
0.05882352941176472
0.08823529411764708
0.4444444444444444
0.17647058823529416
0.15384615384615385
0.11111111111111116
0.08333333333333337
0.0
0.4444444444444444
0.0
0.07407407407407407
0.0
0.2142857142857143
0.11764705882352944
0.0
0.1428571428571429
0.1428571428571429
0.0
0.0
0.0
0.05555555555555558
0.09999999999999998
0.045454545454545414
0.0
0.16000000000000003
0.09999999999999998
0.0
0.0
0.16666666666666663
0.19999999999999996
0.0
0.29166666666666663
0.2222222222222222
0.0
0.0
0.04761904761904767
0.05555555555555558
0.0
0.0
0.16666666666666663
0.0
0.0
0.16666666666666663
0.12121212121212122
0.0
0.0
0.1333333333333333
0.125
0.0
0.0
0.30000000000000004
0.0
0.0
0.11111111111111116
0.0
0.0
0.08333333333333337
0.04347826086956519
0.125
0.1428571428571429