0.8433608906109578
0.6039192220735072
0.5753999725522382
0.8205401084268735
0.38704733297476374
0.22937890558491403
0.5106698967664082
0.48442571302909154
0.0
0.39108163532285944
0.8806805383546975
0.020709883225480823
0.4247014409086496
0.7145141633731142
0.7288291217311361
0.8560061371061771
0.4647914375716055
0.8949915286981039
0.8195917464626652
0.7477786086910926
0.8737139391539362
0.7705788716170003
0.7234681160522531
0.6400992202137767
0.923747257431325
0.7091593720835074
0.1035873461567492
0.7659221112389254
0.9152214214356653
0.9480516432745589
0.9551438114995449
1.0
0.4772359615041923
0.5742961992419026
0.19263454202395053
0.5723432176068908
0.0
0.7312768807314278
0.5291515114875709
0.47246982092678413
0.7098749906624692
0.0
0.5708155668090049
0.2747239303478156
0.008003603121374249
0.406940120918342
0.42962306284136387
0.6353758411511929
0.5968710179262564
0.8691756858025848
0.4687246597441055
0.006104980649525994
0.5828585772773579
0.9051923901760144
0.7470069233965149
0.8450807829501328
0.7935465469989186
0.8855427457366686
0.5555785810945142
0.750112871005039
0.16916906928876244
0.6739846339540689
0.10268779803431216
0.8128013260576807
0.6095823109295672
0.23269777589067117
0.3990837218467129
0.6888707864326279
0.5126635605085621
0.5779008516436344
0.7316055171525668
0.37061357723517124
0.6388328613401028
0.7201083968020006
0.7361759273938291
0.30162952527156905
0.4701060578666783
0.629866788669304
0.8897760472044373
0.6108768425799169
0.5321208052888627
0.627990279657558
0.7860892430447788
0.7733127486256716
0.5684787799457953
0.21927850685118658
0.28986604718157505
0.24176249453466384
0.2655896117255314
0.9639134138522336
0.7603488335267214
0.8482244576672291
0.7670934984236506
0.7468179166818633
0.27283023124326855
0.6299859568652675
0.279207420888253
0.28284328464977637
0.07244112990951362
0.5680390788906899
0.017142319799768768
0.9181745833725041
0.3230644185301561
0.9627089536058233
0.8313558744214247
0.6343455021012765
0.2937501343911908
0.5769667469357718
0.2705062423310006
0.9953777399377766
0.9148300074079891
0.0
0.7739040145803644
0.5761102280447443
0.3052678962233827
0.8069677733475971
0.9123397579613061
0.44255844891595264
0.08996473885747056
0.39527703461575037
0.7767205685524867
0.9498889402840236
0.8641780305870124
0.29771252186224206
0.9195697523515137
0.5142235326755593
0.7951983528453416
0.6817536171403864
0.4879756569568049
0.7388300954593279
0.6614462203372223
0.7376659425802266
0.8023862998059919
0.8097214572501068
0.751989198722283
0.8142272303285287
0.8716832375999584
0.007547481923224136
0.6681474359261449
0.3028373192531107
0.9139250879837282
0.7610121455704486
0.680299188476541
0.7904868905575242
0.26906831430598277
0.323190453335891
0.7051841006176901
0.8829013241629136
0.9346693764845482
0.24753711645325455
0.27163989323482557
0.8450901218806603
0.6973063677012667
0.9947930538202826
0.8598325150952457
0.5255013689225589
0.3518555068679948
0.45972688659510863
0.48800347405982203
0.7221849153292752
0.8470411949303209
0.9218325841183417
0.1747775035007318
0.42067843638947044
0.8598949353816359
0.8666406311192509
0.33870330345314376
0.675816642462298
0.816283386407069
0.5661078535878313
0.4826070718643185
0.0
0.7840146986113433
0.9715815984598939
0.38758932521480105
0.7867981862288201
0.609281364924056
0.5065254472224752
0.7323430850436818
0.6710743337864218
0.8605211016051394
0.5320965517452434
0.7224211901886048
0.4968965318267796
0.4390066262314414
0.9280567515186394
0.3622283361148711
0.8448136539547091
0.693775222658273
0.06514298200621188
0.4183272292261899
0.07975085895867627
0.37148616500778914
0.7925119161517294
0.7234681160522531
0.42254626904375964
0.8840290347858657
0.0
0.6987261492008516
0.8424101263162707
0.33910778801949737
0.6841606108020287
1.0
0.8117546348685004
0.4411066147099788
0.140319447146336
0.7515310598849674
0.6321820842617003
0.5357427714301943
0.07801893250206862
0.6192749754294586
0.6218142795802739
0.8072391510346755
0.49562074440418147
0.18514237301352685
0.45249208225573
0.8535606388922629
0.33795479068619294
0.011863866998999762
0.45974148925335
0.6058266587526426
0.0
0.3848281090998147
0.8070445885233413
0.6859843856723744
0.9134796585023326
0.02918204497774152
0.7886786342619082
0.2389727346139739
0.1456892262717729
0.5571657555713706
0.1195868539224048
0.2120849161551709
0.24778950725456966
0.01639058969323534
0.4852947097683948
0.6125364151839687
0.48257902760407334
0.13999830620977116
0.4790992792771588
0.49876452172803554
0.005292149593637276
0.8903792431291586
0.8522953812112886
0.0
0.3050214293393625
0.47515735661469727
0.6935435696864147
0.9386222065226739
0.7485652511356526
0.589631651519356
0.8935283163369393
0.915861895702059
0.3261738761705397
0.23990041051604527
0.0
0.6408145260037912
0.6829406283323507
0.6341178379569897
0.31437149563061906
0.742409061469183
0.37533529940046806
0.5553765561527867
0.8933742311150527
0.8139360722022481
0.6997555830988962
1.0
0.6804502947430952
0.6112564285481249
0.5145588333016432
0.21680174913885322
0.9079229478154427
1.0
0.7672182556995866
0.010013617673982598
0.7210511805212609
0.9050199373393054
0.8273366414282315
0.0
0.7766333413762363
0.600401107708765
0.777149605119518
0.02103372480152521
0.6932711286501304
0.21957238069881177
0.4631498182271348
0.5154209139759497
0.874164337595002
0.8208323935634487
0.21400029685919364
0.5359234061843775
0.7212685579743938
0.5044260946722903
0.8851435601580239
0.64765666837253
0.4549262492405074
0.8943557674435156
0.748311040912885
0.5476669924322168
0.8520421137267702
0.30874755739820386
0.7877373488194863
0.511575431563428
0.011098348587575578
0.6943808009673251
0.04536125504877071
0.046812588976918736
0.9034796049323426
0.8611357540899705
0.9033674144984978
0.6280434023424752
0.9623400330222135
0.4872164209760025
0.7742841071365236
0.5966375783149831
0.33876345056393187
0.6182348747867562
0.40960782048348787
0.691136551762378
0.7526869349887202
0.5521608628666166
0.7741815013026004
0.371633943930624
0.47617661927628413
0.6482112944720061
0.9330934564717978
0.6195669354735921
0.6436323952044366
0.8366129649841381
0.8374706311086222
0.75293040860893
0.5502406007866696
0.8160636142808555
0.5868908512736275
0.6004931627095473
0.7512935457597474
0.8410277088069231
0.14791383160040733
0.36224929987009447
0.903954777608065
0.6083461310039984
0.9783200834285001
0.4170002592900518
0.9697801072975802
0.6029100294307675
0.7470166849786195
0.23179906104440284
0.388240364819238
0.8317691809303729
0.3035121853391953
0.35794309350676606
1.0000000000000002
0.007944169695373818
0.6716506114764831
0.478916182024939
0.6029428215309383
0.8872118751624694
0.3559319237265501
0.6450766156244822
0.041621458147091096
0.81670537001576
0.7981972540253848
0.9161677645024703
0.510862416855095
0.7837345231936813
0.808434405674676
0.7665927018008726
0.8329126446315577
0.8690774169420845
0.876457935035224
0.669561172546365
0.26173028479158367
0.9176651329878706
0.2153625241823323
0.7983658190081757
0.5725595515211033
0.3357433098796496
0.35595563817000486
0.6382184804193308
0.5248828911327053
0.7117979289079155
0.8703108075927609
0.00854113724662268
0.4534343923891278
0.5805945433646336
0.1476830848283034
0.8658627515232149
0.5428261832426328
0.8152065074464916
0.6387102484096191
0.9052366717225517
0.563148115801998
0.39491937550487366
0.47591248387338325
0.8381249484480972
0.6052597460179461
0.7931774927143844
0.5974961915734331
0.296255219810151
0.17668210664781958
0.996568680464323
0.9665922944307339
0.41171482773354895
0.3072561303352913
0.3777611762465558
0.8667630182429907
0.9109727051499836
0.8125400166465756
0.013929371844193149
0.5225229811245163
0.2125286142642503
0.7578961304573397
0.006222036053599202
0.4290521175731667
0.4224898750844623
0.26853796057833257
0.6052309902398956
0.2977810037014692
0.7152943719744888
0.7789652366229189
0.5611348825930198
0.635162314897932
0.9138493147970373
0.5937481820970059
0.09552936688720422
0.09785480569349383
0.6338078633913572
0.8507343764638403
0.9206439708383006
0.8997144223198772
0.9086173623419274
0.4486264790085842
0.68970688583544
0.17239252272924788
0.0
0.4896886421155034
0.5781079189718317
0.33639036333894723
0.5846062103437171
0.6290520411913361
0.03919897203650507
0.01221518844724293
0.010516369007647196
0.8389307581604781
0.5548591957970863
0.6512418203042427
0.6331505775081794
0.6785609908640876
0.6941316492231147
0.8421135774666155
0.36431191239003047
0.008979619641967671
0.6369702325675963
0.015467780565289677
0.5967410458383287
0.6816239965905573
0.6508385847340019
0.9077011376940468
0.888751063204674
0.8555470052154133
0.7677631493987478
0.5677350590114769
0.3216862305373419
0.6920662353729368
0.3586499010917105
0.8982700185703014
0.8482623900731805
0.7754698653292234
0.9349201674486123
0.9919678198399012
0.7045884880516425
0.3518482961024183
0.687557500254567
0.6101996579508374
0.8942102174242137
0.0076579691698772595
0.7162799066946433
0.9729497579611537
0.10744902791864275
0.3012444423125529
0.7539739400701564
0.520374913660296
0.7241476540685681
0.3445596494459925
0.6107424786711675
0.4827095428605841
0.014574408993109135
0.9306295741510381
0.5087085428915328
0.03792150169097025
0.2989536837371156
0.8144876610967919
0.23855102480702933
0.00846179159160747
0.44208750945899666
0.8219440862927495
0.42551836261679604
0.8635945439725965
0.5999337371761386
0.410905846636183
0.816832772879627
0.664879180232927
0.8397039975556966
0.6270643148158759
0.9238662896987362
0.9575005240495593
0.7769815985177666
0.07424877525798501
0.9432032722442346
0.23757067779202307
0.8207707878220638
0.3438363306068324
0.9140505997930064
0.1590426235187053
0.7790060991444746
0.0
0.24442086119567663
0.8146709013812785
0.7885158195791278
0.028273060215397695
0.7999822846689286
0.29355672770957963
0.273643597991445
0.8700274060715479
0.659664753897944
0.2775918896612758
0.58481194537493
0.9199150642757244
0.6270546721615634
1.0000000000000002
0.3449307691138851
0.0
0.6101996579508374
0.8282933497401288
0.9410627501744054
0.09080302585969922
0.41973306207391703
0.6906216690622093
0.2701752244577813
0.6742831663662671
0.4029384924344938
0.8209490423372285
0.8794538777651335
0.5334787338218356
0.9055451425313514
0.9380437507588848
0.7821924783998128
0.11783859369744423
0.9529224755017094
0.9213561153258677
0.8370035977879687
0.7833159614057492
0.40539711894530905
0.6871696998626832
0.7577796083876754
0.12751378968447938
0.19358472395508727
0.06601482274454236
0.2534217713428061
0.7224827825446979
0.9394835453367025
0.3942430272816029
0.7529441786862738
0.8202364006386202
0.845245608149306
0.5399983870965116
0.8989512792955929
0.7629650399987862
0.009689127100963323
0.3916559809232669
0.11770114788898253
0.8097992481139753
0.012319722606653758
0.7729444228734603
0.8635899239060181
0.7489995130432279
0.8355053683625144
0.49992086383507206
0.5583645111294865
0.49035587403399405
0.32909531521173185
0.5595615926513651
0.21204848128254475
0.48303941618017404
0.8302824066518817
0.5889386675916175
0.8897760472044373
0.779728444924754
0.6278277778392053
0.33634702588053805
0.775753546116033
0.6766897059954391
0.12133397092479048
0.8048325133928387
0.5465727062159789
0.5823469362710838
0.8023733941527114
0.4694895476724059
0.053140023877234495
0.8752977763275709
0.40404504044508616
0.8349530228959066
0.7495999765884986
0.43305782718434105
0.6588746275289868
0.839076719452049
0.7728851701155321
0.7939271575485443
0.0
0.7816901891768966
0.3605707892462669
0.3161937988691926
0.7107704392023011
0.5307490116967846
0.39069611377605673
0.9294664331312563
0.724364564815547
0.7974425932282959
0.04509893471050834
0.8239100228757226
0.6426079614369323
0.872920193623615
0.08332521919074935
0.2946823788859205
0.69491258218645
0.46790092499688724
0.2515885649401695
0.3858988199011774
0.8359551463191536
0.6351449413478228
0.32030199764326595
0.8851139108583594
0.7064060241582089
0.7888468766426838
0.7057723212233376
0.9713578332561045
0.3751478507533461
0.12353861057066332
0.2816525094955422
0.26436407651398525
0.24861374637933792
0.0
0.40078769073286236
0.3319740738092993
0.1313563978819179
0.0
0.8342983108179262
0.15963771273432426
0.1780208590122503
0.9568604619322971
0.7724418540397383
0.06118192813950281
0.010697521854264373
0.9146012405152953
0.9548672507528657
0.5249532154853688
0.5503668126954242
0.9654281547458967
0.46706194689146285
0.825443786572496
0.5238806291196394
0.8774396503829764
0.7183826748780638
0.9022764029617891
0.4953231737299732
0.3216862305373419
0.764228658018472
0.5406028426533593
0.3556997479116952
0.12861791305727882
0.8633065795820096
0.40178012768999727
0.46314921471437837
0.7001044941824099
0.9376282513486067
0.24067243538395267
0.5933571367147851
0.8303810169986956
0.279591777173301
0.36574411397140233
0.5652794445303043
0.8397912512945919
0.6929770800466627
0.7446921111531372
0.5073462068879928
0.5471038356994916
0.7855520821068097
0.7078273212812569
0.8521549892242869
0.8554632351678412
0.007804813073768409
0.7013449529240334
0.6501006471206023
0.5649563932088973
0.8218257739150019
0.4975732049447543
0.4433792990487518
0.8036871697097887
0.7166884849281993
0.016589875319793394
0.7279393835991645
0.67388085676091
0.7983704624155188
0.45468649855084486
0.9485704069895498
0.8000414637669853
0.2762900709914352
0.09320826096708172
0.02373747236963589
0.7340767006647961
0.5811994266881559
0.5935692943520398
0.7836123049097727
0.915861895702059
0.14555044075124574
0.38707546613001487
0.9340013259267035
0.13319204124340422
0.3593796296307845
0.6756376314837943
0.4554277865717557
0.5410786239562779
0.3924025975376311
0.8222153596081532
0.6160476331255564
1.0000000000000002
0.8524697601587398
0.21647673433741535
0.9027993823219937
0.5377284799804153
0.7426051063606722
0.6930849974111902
0.7013449529240334
0.7618128127526301
0.6648088181786551
0.2524379879934777
0.4147553367229507
0.6882027964150341
0.11640587449180156
0.758648870014897
0.809089487373096
0.9175559402672517
0.5615928595198132
0.5320306190067163
0.5116745513032994
0.6122889723515407
0.7833159614057492
0.9424448668819402
0.46564610960043606
0.8147306032206885
0.43909085656503566
0.3607507158190211
0.5370075620032435
0.5681587155021983
0.42261180595172776
0.9420551228282221
0.4513200751161549
0.5996099052900745
0.48641073093049303
0.9777700193619175
0.012955807157548821
0.23497298239090156
0.8896746698906233
0.8243140054595752
0.07556253751656647
0.8669026110798519
0.8272145205768319
0.7413356355997202
0.5069979929585926
0.20216988811357245
0.5766241777057745
0.1232122317640969
0.8301019159060946
0.5356859156447322
0.2975040406490912
0.47875832648142924
0.5798431926434482
0.46381730370396645
0.17922776632827284
0.5304807568268307
0.7272040514174136
0.7897498276838868
0.8702781885607576
0.7474749490081095
0.6507649674641982
0.8334835918342591
0.11641116814003627
0.9378632048069007
0.784997681810347
0.652685137014978
0.6902520813355645
0.7740029942359519
0.4835727729547423
0.8507944368150413
0.9579218464280037
0.7883612695494193
0.0
0.24537654608884332
0.9636639242660154
0.7474578842122445
0.36482573639267546
0.7541221425144796
0.47943717515735035
0.6987103870443814
0.8945925341281926
0.3368116360254698
0.684656444762117
0.8612998622348601
0.013105643776322923
0.5407470631396186
0.9920881691835554
0.016074594687156118
0.6510390538789887
0.05476429855381066
0.4567757859755404
0.7744145655135756
0.7067688414210815
0.3393291766627292
0.6418183912481776
0.8123017997373494
0.05437022894421674
0.9079869854568262
0.6309584606921413
0.9087501491299828
0.9003652397136781
0.9003746355557842
0.909216100789101
0.7792959095970093
0.907909503736717
0.9553143240419583
0.9035220039052682
0.23903159526210008
0.2603847258060804
0.6435480207833364
0.707789410192941
0.9373237981299802
0.6211732396627665
0.04193573651755497
0.43472442001854394
0.5852307809498272
0.7758599158787793
0.5613348186239847
0.9341987840679603
0.7501306148272819
0.7294396206223273
0.0
0.7847621192569885
0.8710388219928726
0.37418233153332076
0.8350559968193876
0.7985886302515905
0.9170005350022132
0.9018085194632921
0.6063277422023117
0.4563090160783231
0.43342073583195373
0.8080520382107178
0.7156719062787733
0.8672643075270529
0.8437038553954579
0.29396333074747194
0.8522953812112886
0.8454300175163627
0.4614606791298861
0.1194068629982689
0.6527788652355055
0.0
0.805188730754432
0.37421442880802946
0.12764630029516114
0.652939504461415
0.7741416678420407
0.061461693212883285
0.2856216530199235
0.7726752739846798
0.6606501271727856
0.8611357540899708
0.01086230048754118
0.17234350059986814
0.6814059131330725
0.4300226420480497
0.7346173621954482
0.6816239965905573
0.9560021175028419
0.5468619126886506
0.20704255356822127
0.3383855242350142
0.702480188845257
0.6399500125788575
0.7972489558453514
0.29517546346285356
0.4847556135736012
0.5718512114984569
0.9442623822555787
0.665954430361871
0.6082193486238959
0.03170839348974308
0.14070287722643657
0.08716150764371594
0.6280434023424752
0.8877692637825549
0.739662182105873
0.646777221870057
0.8844531515669347
0.7411062169172963
0.9128145286926638
0.9095501316124948
0.7644126769892496
0.37231250668906657
0.5308477073851665
0.867925320939815
0.08429560583600143
0.3572254637730737
0.6599610947295091
0.25426823385228636
0.8302369244092225
0.23412203453748492
0.010045882118771754
0.43477337275002703
0.5675331769561417
0.8935437215135809
0.5326883102122375
0.028158637772806434
0.42725143188722386
0.37877017166559923
0.5887697111501614
0.38967034861821914
0.3336210671471784
0.6033698229046391
0.19447206470675346
0.478916182024939
0.5372472791721596
0.8684064627114805
0.9205776205587428
0.3091119473080791
0.8515800630233705
0.5234025122832509
0.7860892430447788
0.8115062265440605
0.5039179104163386
1.0000000000000002
0.7997601603723841
0.9067944721431085
0.900917013227964
0.8085456351874685
0.751450325640746
0.9474266181813331
0.27488558425643106
0.6773500761148539
0.3277375898863391
0.456241395279684
0.0
0.28657098740907994
0.7524440078995778
0.5493653776166462
0.09120267524643236
0.8221133114737988
0.867324448886124
0.8584117937518776
0.8309325770437482
0.025172852681680163
0.4025325309376273
0.8687039866094037
0.0
0.07601312632383295
0.9567282777911487
0.7134853103681802
0.6318847727097323
0.6460810718819406
0.4768852603627377
0.7756109512391569
0.7995784650186606
0.7493630864865342
0.7518697966018881
0.7059738301474099
0.39305020005175517
0.28895600125748694
0.5800510301403332
0.36737033366602145
0.5077637555776754
0.3801599693631022
0.7271224701624631
0.006542116276613818
0.3703017833828131
0.6661649562421251
0.9437638516674776
0.5948757569676792
0.8487149023742877
0.816623901863333
0.5442905222829334
0.7660982113843233
0.7591325212030952
0.5279767107580362
0.864317120938458
0.5454641016102497
0.6630816890638177
0.5026000783949074
0.9105776044847469
0.31966684042918186
0.9480257450812011
0.7721470208620915
0.8428430792492072
0.5339235781654582
0.6213437108711177
0.7415753461902739
0.8082122593735853
0.7923585887854392
0.8369550154006331
0.4156222857886148
0.4508854410243637
0.26730213415774207
0.40481904389324697
0.9012731045341867
0.45719162084199566
0.04543416255827147
0.9118038799678534
0.6971015839803044
0.8603331481102409
0.5862962886713716
0.9248788717810386
0.8361537442464012
0.6497668329752089
0.12949063261406274
0.8975612990816457
0.6386724713282477
0.040706644259111344
0.27149476117181326
0.8219440862927495
0.5179898837577799
0.6679560845336194
0.5324489236832133
0.48208946585665907
0.38678559296630355
0.865987951448367
0.755774487174038
0.9316596607195525
0.37685357953671295
0.7829269781757384
0.5462350480438337
0.5456398416966555
0.5571691580542084
0.03883155025123462
0.3484046263995274
0.7130937492271712
0.5434126012322739
0.47911278600284
0.857385263286395
1.0
0.7143064397502976
0.8586515498422825
0.6275173666752932
0.7430223977738107
0.33105501101321955
0.6836426822244765
0.4376540839706128
0.7063617391988057
0.08433638206143022
0.9104774359386426
0.8451477116479534
0.6557691797169569
0.8110442066561334
0.9540889331870639
0.010245084309970454
0.9261283988897777
0.5314523859427828
0.45826929276912615
0.028909540085674167
0.6384355194172904