0.8851890029441729
0.9319850824639336
0.879742743188957
0.7483467709551744
0.803567778783576
0.8621489425058269
0.7409862440506951
0.8647789300890247
0.8292284006353973
0.8904266541492456
0.8353339458690949
0.8546958100090681
0.6920507338777511
0.9208219457610334
0.8857749810702914
0.847011778596972
0.7160453555987369
0.7288050420360315
0.9174144673393929
0.9222609050943648
0.8997428084598978
0.940127479426832
0.9543742299991126
0.7284291306311107
0.9631955923672048
0.8963809574330783
0.9068850971297445
0.8166358413214261
0.9467389289036565
0.8731917009630039
0.9699543332369794
0.8581376021381867
0.9350197012226652
0.9191919235444095
0.9067611188208247
0.9310372595834175
0.917872497704955
0.9116849362463202
0.9417605454631987
0.8194538570698033
0.8349171313930218
0.8629021502010217
0.9621593207255964
0.9734517609332888
0.887381460009167
0.9397165885686745
0.8612747006344272
0.7828858959226818
0.9778530708473355
0.8128389467258692
0.9086421972494708
0.9010936932126434
0.9289148900132274
0.9439113983144852
0.8034323952767171
0.9232879866463903
0.8921204094537987
0.8692232742307725
0.7757103207835256
0.8596202773481345
0.9311185981576486
0.9560897484360419
0.915827885431659
0.7162868671172493
0.9390069610284464
0.8831396821981456
0.7900258945898166
0.8568962181023394
0.8990685982620663
0.8759822246540123
0.8022619542972269
0.9394587034184693
0.958667173698353
0.7009101177993058
0.7203199994397814
0.7491244639716846
0.7505817619523739
0.8307302671749317
0.8457975768518251
0.8646034755972294
0.7494151227279853
0.9435629400612024
0.8795807724016369
0.8942947296171166
0.6462898654530622
0.9074476583764538
0.9258969152312231
0.9717417216134996
0.8637585205956638
0.7410063846420588
0.8985897796610783
0.6737248136275242
0.8018223587285641
0.869284763849272
0.801664517462528
0.8091536915323116
0.8859268880823039
0.8392734882010102
0.8480970887713393
0.9330795619435304