0.9443191
0.72221637
0.79708964
0.8729046
0.5617982
0.60115683
0.7497083
0.7972206
0.3101581
0.8289229
0.8806268
0.39354533
0.6582281
0.90343744
0.8586565
0.9285456
0.68691725
0.934757
0.8825065
0.90833026
0.9221988
0.8410009
0.87137985
0.95397866
0.89597845
0.91356885
0.5056075
0.88723737
0.95465285
0.9750171
0.9371487
0.9826559
0.8252326
0.8408444
0.62706506
0.8398539
0.33609244
0.80743945
0.79079086
0.7217795
0.78574824
0.37685284
0.77793175
0.6011504
0.3987438
0.6737503
0.7956893
0.89026237
0.81622505
0.93573284
0.8256819
0.37565753
0.7670091
0.945656
0.856652
0.8434928
0.8809103
0.9835429
0.7653879
0.9363357
0.63172174
0.85876846
0.5417595
0.7923548
0.7726697
0.59561133
0.7151197
0.86073226
0.8105851
0.71539235
0.8906046
0.70898473
0.84865236
0.88206863
0.8878536
0.6456193
0.6585051
0.8000988
0.9599933
0.9462778
0.70341676
0.92004865
0.885146
0.9366897
0.8434515
0.5252954
0.7313906
0.59639287
0.5969709
0.9632306
0.8712028
0.95394766
0.7838651
0.9320787
0.588797
0.7766105
0.696012
0.67722386
0.545038
0.80649644
0.42141995
0.9331854
0.7108699
0.96997035
0.9212228
0.8892559
0.7219094
0.67963326
0.5933466
0.95414245
0.9144825
0.32626194
0.9150314
0.74389195
0.6789408
0.92695427
0.9242953
0.7898196
0.56474847
0.6523371
0.85555905
0.9453658
0.8179176
0.69235647
0.90881413
0.5696298
0.89373934
0.85394704
0.7419155
0.8703749
0.8146455
0.9294216
0.86279964
0.90879583
0.8516649
0.87338644
0.94190747
0.38141143
0.92668855
0.61927533
0.90911114
0.8991332
0.92787445
0.914211
0.59285545
0.7709986
0.879097
0.8954398
0.9297762
0.69459593
0.8443012
0.87268704
0.83871794
0.99088097
0.8845913
0.78393906
0.6264082
0.70374304
0.63993347
0.824739
0.8692076
0.9410218
0.52787244
0.7757784
0.8810462
0.9104052
0.61864406
0.6772225
0.90474844
0.67445743
0.5937977
0.25956672
0.87903255
0.92223465
0.7223935
0.9128915
0.8775891
0.79772
0.8869412
0.8239082
0.8897977
0.8452522
0.79376996
0.80113316
0.7703169
0.94024056
0.6602173
0.8267035
0.91637933
0.44530666
0.72942805
0.48405597
0.8558695
0.8516129
0.86660665
0.70139474
0.9759247
0.27942222
0.9216944
0.86416715
0.8045095
0.8775691
0.98488456
0.85123557
0.64705336
0.64970386
0.8033271
0.8637898
0.86541176
0.49888384
0.7960551
0.88076556
0.95923793
0.72062844
0.54273367
0.84339267
0.820861
0.6249267
0.5010543
0.7302351
0.78414166
0.33676833
0.75929904
0.8935033
0.89365125
0.94316703
0.4274456
0.8613318
0.7191856
0.6189249
0.7881611
0.56106496
0.67822194
0.5460353
0.47862893
0.8245625
0.7530652
0.66590714
0.55490804
0.7807753
0.8029281
0.4212767
0.93906283
0.9088433
0.3128274
0.6005273
0.74345666
0.8442212
0.9161588
0.80468947
0.72372216
0.9258223
0.99176
0.6253315
0.6308757
0.30578226
0.79057634
0.91749644
0.8059853
0.79910296
0.9019974
0.83843046
0.8484652
0.95909464
0.90024614
0.78875434
0.955015
0.81047356
0.85378444
0.8087809
0.6327417
0.796724
0.94762224
0.9144443
0.35643455
0.82531303
0.8907077
0.9048523
0.37941766
0.7886776
0.860409
0.8497548
0.40996563
0.7088574
0.72787315
0.86214924
0.7457849
0.93763286
0.89060986
0.63247013
0.79006195
0.8168471
0.83830684
0.88792497
0.8784356
0.7727662
0.91571766
0.93584096
0.7929632
0.90557516
0.66830814
0.87622535
0.7163595
0.54900265
0.8003752
0.50168586
0.56950897
0.95283484
0.93020606
0.9216621
0.82010585
0.91869915
0.70442545
0.83343333
0.9303653
0.58615136
0.7000519
0.65454084
0.9630883
0.9200858
0.9232258
0.9026755
0.74318177
0.65287036
0.7280538
0.9277356
0.87253845
0.88668126
0.8940141
0.9165015
0.84476733
0.807206
0.83737195
0.8090482
0.6504713
0.7106606
0.9164786
0.6010332
0.7423322
0.9057471
0.82836604
0.92903167
0.66918653
0.9479487
0.82776034
0.89230543
0.6243309
0.7660107
0.9265741
0.72324103
0.8172293
0.9840529
0.44912946
0.7349108
0.7951073
0.87614846
0.948895
0.78988004
0.91010374
0.4209378
0.83413094
0.8746588
0.9766433
0.771737
0.8595816
0.8768877
0.8946215
0.9449889
0.932967
0.93597406
0.7024438
0.7197749
0.92532873
0.6691179
0.8344914
0.8861201
0.6376139
0.5207892
0.77844214
0.6310985
0.84595704
0.8973566
0.5110848
0.7681544
0.8289505
0.51323426
0.9907772
0.7160959
0.91076744
0.77636945
0.90628797
0.7648288
0.5557741
0.7545469
0.88972294
0.8100519
0.8355266
0.8845788
0.7076304
0.55049884
0.9705763
0.921649
0.6220468
0.6897605
0.8285701
0.88959694
0.8933138
0.7884475
0.4426548
0.695487
0.55623245
0.8686545
0.3694286
0.76820207
0.6701471
0.66767967
0.89264005
0.6051539
0.7953958
0.9380634
0.8387784
0.8945674
0.96955556
0.759081
0.3739363
0.463665
0.7881212
0.9352111
0.9646412
0.9582468
0.8900351
0.7106451
0.8524587
0.5671955
0.49752378
0.85551834
0.67275923
0.65515935
0.8506817
0.74774325
0.4186578
0.4925339
0.43312514
0.8534138
0.7650839
0.8785819
0.80183315
0.8805702
0.9186038
0.71226305
0.6023016
0.3224222
0.88789916
0.36350602
0.7581049
0.89767706
0.90540993
0.9545164
0.86384773
0.952582
0.8769021
0.8499345
0.77316034
0.8416661
0.60244083
0.9545609
0.8027922
0.8514309
0.9640377
0.9703062
0.89080554
0.6430658
0.91361487
0.8603751
0.91237974
0.3070251
0.9208258
0.9395294
0.509183
0.6426741
0.88402486
0.7714056
0.8533994
0.82212615
0.7585736
0.76801765
0.42015943
0.92972445
0.8048378
0.49842274
0.80850506
0.97958976
0.5806089
0.36613697
0.70071244
0.9299407
0.68987334
0.88813716
0.7892992
0.84484565
0.8891998
0.7972654
0.8894472
0.8601627
0.965636
0.95671654
0.8957566
0.4338977
0.9461901
0.57657707
0.87684375
0.67127997
0.8978969
0.5005178
0.9395943
0.5864047
0.61581767
0.8933824
0.88970536
0.40459645
0.88307333
0.7364481
0.81888974
0.93842506
0.77676994
0.64095837
0.81019723
0.9502741
0.8247609
0.97874284
0.74264497
0.26393285
0.8674067
0.8743329
0.9968057
0.5927407
0.60673654
0.7958493
0.6025878
0.9394679
0.6382742
0.947227
0.88193405
0.8139137
0.8995961
0.974553
0.91513914
0.5183382
0.98904353
0.84953064
0.93406343
0.7297016
0.7081072
0.87353015
0.8613581
0.41420627
0.6575878
0.36385316
0.68260634
0.88263154
0.9858959
0.7555102
0.82908046
0.8831407
0.81565666
0.7781959
0.8406029
0.8559978
0.56208134
0.8640143
0.56152165
0.948237
0.49907595
0.87624645
0.96730137
0.82760775
0.8502102
0.6864913
0.6869495
0.88429534
0.70054865
0.76243454
0.6032676
0.7915173
0.8565974
0.88366425
0.95838404
0.8833789
0.7412381
0.7797233
0.9362867
0.7839369
0.42691267
0.914918
0.8427775
0.79070723
0.90627164
0.6995714
0.5395842
0.9357167
0.7903188
0.93771434
0.8601435
0.78113973
0.8168508
0.7969775
0.885133
0.9429964
0.3893963
0.9109031
0.5533335
0.6882862
0.7858375
0.79752684
0.6843549
0.98147047
0.8652343
0.87630975
0.47777665
0.86602145
0.88188386
0.9450482
0.7415327
0.696836
0.8904343
0.8110348
0.5575621
0.81839633
0.7510216
0.77250904
0.6291954
0.9362097
0.83861494
0.87015057
0.7391049
0.9410147
0.59944373
0.5835218
0.52827793
0.5206687
0.54835004
0.39170712
0.6446238
0.71067494
0.56229365
0.4455856
0.9169047
0.5388081
0.7022484
0.9754814
0.9256062
0.52568614
0.32298195
0.88394433
0.8968322
0.7415286
0.8025162
0.9858077
0.8314786
0.88114774
0.6986487
0.91712725
0.7915883
0.93301296
0.7114684
0.7725492
0.9118494
0.83640623
0.7475575
0.5406494
0.9247234
0.723386
0.81727207
0.77178204
0.9914315
0.6329771
0.731055
0.84695184
0.70196366
0.6734092
0.8982849
0.9387561
0.8683815
0.7997763
0.6400775
0.80028564
0.8174644
0.7973714
0.89427835
0.8378308
0.47232294
0.9625844
0.8348539
0.83775634
0.9408009
0.66585284
0.7112802
0.8476899
0.9343332
0.38617772
0.8690143
0.79609627
0.9250149
0.7873585
0.93863285
0.82458216
0.5688064
0.5645797
0.49410433
0.84980094
0.7149992
0.82101476
0.8982742
0.9923565
0.6220627
0.8252478
0.9770806
0.49735475
0.66425514
0.8425276
0.67105514
0.7220416
0.72942686
0.92493147
0.77025807
0.9966525
0.9457707
0.6282339
0.96729326
0.7667324
0.8529031
0.80917144
0.96474344
0.7945529
0.8720317
0.764583
0.82343745
0.8227545
0.62111235
0.74725664
0.8589438
0.8958277
0.7484199
0.819571
0.76776826
0.86646116
0.72665656
0.9472075
0.8365943
0.8430252
0.68934435
0.8454268
0.7690364
0.8363683
0.69902
0.9774724
0.7981073
0.73375624
0.8167554
0.9733912
0.53148043
0.66933894
0.96330935
0.9561484
0.66762716
0.97007716
0.91955435
0.8195629
0.75387025
0.5916445
0.8165071
0.5391035
0.7534014
0.8406962
0.586282
0.7498579
0.8436965
0.8301724
0.58635306
0.7354014
0.9116845
0.82085776
0.904227
0.76463264
0.7556594
0.8534167
0.54613006
0.9721666
0.9413385
0.8062353
0.8690615
0.9008312
0.78136516
0.9495791
0.96623313
0.8791739
0.28597856
0.62834585
0.93608034
0.82188344
0.65273345
0.8963159
0.7555633
0.8562442
0.9274869
0.66033196
0.8863845
0.85945964
0.32322252
0.8107224
0.90543634
0.32139826
0.86404246
0.4027789
0.73614365
0.903581
0.86343575
0.71597916
0.81151575
0.9285386
0.5011823
0.9912116
0.7803382
0.9642662
0.9683456
0.85289234
0.890764
0.8968482
0.9402308
0.98237026
0.968698
0.6887566
0.626592
0.6860348
0.90909356
0.99001116
0.89795804
0.44723728
0.7462584
0.74876916
0.937569
0.78369284
0.91611326
0.9185917
0.8975843
0.63815504
0.8431604
0.9712324
0.6483604
0.9010104
0.92192596
0.9570061
0.8474
0.8194097
0.7668487
0.810381
0.9423902
0.8014072
0.9398323
0.8678674
0.6760881
0.9125656
0.84951663
0.7729819
0.52713335
0.6976455
0.4012621
0.86060697
0.68888927
0.56871927
0.8177779
0.8797213
0.57332325
0.71249473
0.89257216
0.86993295
0.88908994
0.4552008
0.5317668
0.72712934
0.69066644
0.84572005
0.8939607
0.9876782
0.80274045
0.6020217
0.6740839
0.7611588
0.9075221
0.9062338
0.67109495
0.8618156
0.7612675
0.9859252
0.70974755
0.8383836
0.49302003
0.5555315
0.5621197
0.82083
0.8380934
0.9669721
0.71703565
0.95999
0.78448176
0.92274964
0.93707305
0.8788656
0.66875273
0.78340507
0.91368437
0.61239797
0.572249
0.7439663
0.6661695
0.927713
0.5793493
0.4330626
0.84908783
0.77933824
0.9739627
0.75310385
0.37198752
0.72769946
0.66836625
0.71629906
0.66434616
0.6096954
0.79277617
0.53603476
0.7903284
0.73072225
0.9298573
0.93632984
0.6337014
0.87969124
0.79911745
0.88307613
0.97849774
0.79268765
0.95501864
0.82355857
0.925067
0.92566895
0.88327473
0.81868523
0.9386958
0.68032587
0.7978171
0.7117847
0.8373522
0.44143507
0.67231464
0.7809881
0.7340678
0.44431466
0.88758606
0.8872342
0.86581194
0.9260325
0.42274892
0.8255198
0.9697423
0.31674457
0.5473346
0.9532783
0.7816643
0.78043365
0.92105174
0.7728034
0.83657897
0.77214587
0.82856023
0.8841367
0.8414297
0.75386965
0.7034515
0.675678
0.6171951
0.7676056
0.77903557
0.8612881
0.30037433
0.7744069
0.7279792
0.9908253
0.73465765
0.91852915
0.8873792
0.79341185
0.89810836
0.94059014
0.8857901
0.88986987
0.7836101
0.92177516
0.65640604
0.90647423
0.68973356
0.99494416
0.90811926
0.99487054
0.82049274
0.70334196
0.77814245
0.8874037
0.71473414
0.87835765
0.70063245
0.6814571
0.70694655
0.4953494
0.9886006
0.6813822
0.4057594
0.9218179
0.92538613
0.91042334
0.8625864
0.97583604
0.8956778
0.927143
0.34309503
0.95308673
0.73720235
0.38748583
0.66515887
0.9304342
0.8150495
0.9091084
0.73648274
0.86875606
0.6572189
0.897942
0.82543445
0.92000145
0.57621217
0.9194545
0.7343032
0.781595
0.80425525
0.4057813
0.6591091
0.8960023
0.7436329
0.8519108
0.83338386
0.9948789
0.81219864
0.8648933
0.820598
0.7870618
0.69549596
0.72709566
0.70842767
0.7955439
0.54063135
0.96584296
0.9249356
0.8148483
0.9648698
0.9369619
0.4437636
0.9529675
0.82530034
0.66172206
0.36163875
0.77276355