0.04347826086956519
0.11538461538461542
0.18181818181818177
0.03125
0.2558139534883721
0.09090909090909094
0.038461538461538436
0.44999999999999996
0.05714285714285716
0.2272727272727273
0.09523809523809523
0.038461538461538436
0.040000000000000036
0.26315789473684215
0.0
0.03703703703703709
0.0
0.125
0.19999999999999996
0.15000000000000002
0.125
0.30000000000000004
0.09090909090909094
0.125
0.2647058823529411
0.032258064516129004
0.06382978723404253
0.05555555555555558
0.0625
0.0
0.33333333333333337
0.09999999999999998
0.08333333333333337
0.17500000000000004
0.08333333333333337
0.19047619047619047
0.15000000000000002
0.16000000000000003
0.0
0.032258064516129004
0.09999999999999998
0.07692307692307687
0.26315789473684215
0.14814814814814814
0.18181818181818177
0.10344827586206895
0.09999999999999998
0.03703703703703709
0.3793103448275862
0.05555555555555558
0.0714285714285714
0.06451612903225812
0.1428571428571429
0.07692307692307687
0.0
0.1428571428571429
0.052631578947368474
0.03448275862068961
0.0
0.08695652173913049
0.03448275862068961
0.0888888888888889
0.02777777777777779
0.04347826086956519
0.07692307692307687
0.15625
0.0
0.045454545454545414
0.2777777777777778
0.0625
0.052631578947368474
0.25
0.2666666666666667
0.09090909090909094
0.0
0.0625
0.06451612903225812
0.0714285714285714
0.07407407407407407
0.2272727272727273
0.046511627906976716
0.03703703703703709
0.125
0.125
0.02941176470588236
0.0625
0.04761904761904767
0.07999999999999996
0.0
0.04166666666666663
0.34375
0.11538461538461542
0.0
0.08333333333333337
0.040000000000000036
0.0
0.08510638297872342
0.03125
0.09090909090909094
0.022727272727272707