0.9934724
0.9757499
0.98244846
0.9910099
0.91817665
0.940484
0.9816993
0.96306145
0.85290146
0.95248324
0.9710236
0.85132307
0.9647702
0.990734
0.93070626
0.9933162
0.93852043
0.9898265
0.9816452
0.9703806
0.96489024
0.9816984
0.96878153
0.9686467
0.9971261
0.96839786
0.8637961
0.9802796
0.9911897
0.99810946
0.99624825
0.99488723
0.9825641
0.9842154
0.9376738
0.9488959
0.82928824
0.9800365
0.96536565
0.95276934
0.9541899
0.8843933
0.9766863
0.9437007
0.8290733
0.92866814
0.95723593
0.99029255
0.9737141
0.98077244
0.93957675
0.86187077
0.96483463
0.9926162
0.97720325
0.97177
0.99331486
0.9649626
0.96941084
0.9623332
0.93540007
0.985156
0.91439396
0.9767077
0.921299
0.9312974
0.89490545
0.97645617
0.9750521
0.93534553
0.97158325
0.9100993
0.98510087
0.98614186
0.9781119
0.9286946
0.9270117
0.9735515
0.9817314
0.9605796
0.9575966
0.98889375
0.9840823
0.9972707
0.98341644
0.919716
0.94570565
0.9195426
0.9257431
0.9916784
0.97788507
0.9917002
0.99257433
0.98333293
0.9321507
0.96730864
0.9511642
0.9489021
0.8518037
0.9339909
0.7978204
0.98188925
0.9241056
0.9909494
0.9852513
0.9757367
0.9531411
0.9562317
0.9196782
0.9805207
0.99390125
0.80968976
0.986568
0.9737754
0.93922687
0.99365604
0.98682034
0.97049975
0.9141375
0.9445588
0.9733075
0.99626243
0.9850838
0.9728452
0.96867347
0.9672912
0.97414345
0.9585525
0.97245353
0.9634702
0.9742875
0.9736278
0.9803815
0.98219
0.98337525
0.9819426
0.9921248
0.8540082
0.9753046
0.94145906
0.99657595
0.9886347
0.9883427
0.9775223
0.8665907
0.9551412
0.97453165
0.99380267
0.99589777
0.92946696
0.95190406
0.9824366
0.9855553
0.9896313
0.99312234
0.9669335
0.93925714
0.94513285
0.91365635
0.9708919
0.9851045
0.9948803
0.88468647
0.9363841
0.9864219
0.98259336
0.9708552
0.9848188
0.9902327
0.92609304
0.911939
0.85595566
0.97220695
0.9922749
0.97979003
0.98465294
0.9445026
0.9579805
0.9632696
0.9543592
0.9880587
0.9640671
0.9694601
0.87005246
0.974224
0.9954665
0.9448915
0.9918194
0.98704076
0.82860374
0.9684517
0.8239851
0.9422764
0.96535933
0.96878153
0.92350537
0.9908937
0.8961072
0.9878009
0.9710517
0.9589281
0.9754648
0.9946946
0.9889864
0.9098542
0.8843856
0.96748626
0.9593045
0.9446803
0.8590865
0.9451199
0.9841675
0.9887368
0.96394336
0.94243157
0.9705095
0.9848037
0.9687431
0.81619966
0.9765491
0.98471975
0.8619606
0.97786057
0.9897187
0.9688671
0.996805
0.8876766
0.98425496
0.95675373
0.9540479
0.9809631
0.92240554
0.9392363
0.8681624
0.8327886
0.9669504
0.9339606
0.94421256
0.92214525
0.9406593
0.93561184
0.91126615
0.99001145
0.9716897
0.9023854
0.93713486
0.8728154
0.97544956
0.9937348
0.9710152
0.96739537
0.9925698
0.9956801
0.96586084
0.9173449
0.84142447
0.9664499
0.95743454
0.98850477
0.9438046
0.97738975
0.9596906
0.9562828
0.98878014
0.98599344
0.95974416
0.99467176
0.9706528
0.9685642
0.917027
0.95737183
0.9833085
0.98540705
0.99161047
0.79747564
0.9634928
0.9824041
0.9764486
0.85564566
0.96436393
0.97155464
0.97389483
0.7479339
0.98089653
0.8597865
0.9811468
0.9747394
0.9834217
0.9950812
0.94116473
0.9589004
0.9817409
0.9612411
0.99131864
0.9817206
0.9663238
0.9868184
0.96917045
0.9427087
0.98642564
0.96094555
0.9815407
0.9782641
0.8614364
0.97270614
0.9315746
0.88372564
0.9911909
0.9950131
0.99203306
0.95974374
0.99145037
0.953308
0.97216296
0.96603966
0.930001
0.9702561
0.95313716
0.9792987
0.95461804
0.9864912
0.98243034
0.9610056
0.91994435
0.97348535
0.9955047
0.98610044
0.9807019
0.97787017
0.9957669
0.97243446
0.962056
0.9659426
0.9824158
0.9516445
0.9710771
0.9803679
0.89567894
0.9389382
0.9790158
0.9784441
0.99554855
0.96141505
0.9976598
0.9764936
0.99097055
0.941619
0.9102603
0.9859238
0.9206555
0.9661071
0.989344
0.86517334
0.9567991
0.970832
0.97521454
0.98740184
0.943295
0.98447424
0.8520745
0.9839607
0.9832919
0.9947088
0.97575754
0.986918
0.9697807
0.97792184
0.9964123
0.9907138
0.9947664
0.94928676
0.9554027
0.9956838
0.9323937
0.9790609
0.95041466
0.9002205
0.8740321
0.97749305
0.94514394
0.97887194
0.99136347
0.8919197
0.96441233
0.96891487
0.94606054
0.9807564
0.90272236
0.9917797
0.97357804
0.9914073
0.9789275
0.9512582
0.9123043
0.9866813
0.98163676
0.9805192
0.9711597
0.9603818
0.92172
0.9942292
0.9627287
0.92625976
0.9369492
0.95540214
0.98881567
0.99641395
0.9834221
0.8645376
0.95483786
0.93686545
0.9889933
0.87083966
0.9688782
0.9481655
0.963512
0.9699938
0.87564874
0.98392093
0.9584379
0.9767784
0.9432569
0.9911399
0.9749605
0.897238
0.9361898
0.92439747
0.9786053
0.9978303
0.9933828
0.99153256
0.93475986
0.9794605
0.91262406
0.8419092
0.97198117
0.91152304
0.9226239
0.96474594
0.9501782
0.8835985
0.8093992
0.812001
0.9827772
0.9591729
0.97495824
0.9479596
0.984531
0.95809424
0.9822967
0.9567581
0.82630086
0.91262287
0.8258129
0.9559547
0.9848305
0.9650886
0.99283385
0.99434704
0.9900609
0.9799738
0.9720791
0.9697982
0.985455
0.9279147
0.99444234
0.9787489
0.9787279
0.9959447
0.994841
0.98201734
0.9742485
0.96230155
0.9797427
0.9787098
0.82495177
0.98197716
0.99022055
0.8845385
0.93469626
0.98906016
0.97003365
0.94721454
0.9059214
0.92765206
0.9621257
0.89144385
0.9902139
0.9822859
0.88767517
0.9692174
0.98528194
0.93374383
0.8027365
0.9726903
0.9679293
0.9602339
0.98563457
0.9801058
0.91585046
0.9821347
0.9730582
0.9793497
0.9709183
0.9891169
0.988093
0.97550577
0.90209097
0.9971086
0.9496497
0.98035586
0.94208467
0.9686018
0.9403424
0.9952572
0.8211183
0.95200753
0.9766164
0.9899843
0.91771245
0.9784018
0.9705394
0.9679336
0.98500556
0.98485976
0.9410199
0.9826965
0.99402106
0.9889958
0.9879898
0.919873
0.78687173
0.97895014
0.98171777
0.99623394
0.84099114
0.94994634
0.9701045
0.9544957
0.97981083
0.9582134
0.9855813
0.9903363
0.9428235
0.99033284
0.9952074
0.98349285
0.9257195
0.9955926
0.9852015
0.9743564
0.9504982
0.91337943
0.9883725
0.96184087
0.896801
0.9215053
0.8781373
0.95357645
0.97182256
0.9958567
0.9745369
0.9913703
0.9796194
0.93963003
0.95513076
0.9894692
0.9707514
0.88006467
0.97527045
0.94609356
0.9900696
0.80130607
0.9841264
0.97878885
0.9764935
0.97906566
0.9679642
0.9685122
0.9794137
0.9421636
0.9588769
0.94463986
0.9684502
0.96708363
0.98544556
0.9796073
0.9770702
0.9713134
0.9408811
0.9944269
0.9749043
0.9020834
0.9890975
0.9660169
0.98179823
0.96762615
0.9594841
0.8885982
0.9888317
0.95491827
0.9803091
0.9886261
0.9741
0.9655419
0.93723655
0.98768026
0.9906473
0.8466293
0.98498076
0.894014
0.95502305
0.9452461
0.9389388
0.91356784
0.98424244
0.99242634
0.97857064
0.85287476
0.97917914
0.99022174
0.98876554
0.8817522
0.94064945
0.9759291
0.97181386
0.88331556
0.95368916
0.9917667
0.9665
0.9573926
0.9903381
0.97089016
0.9825473
0.95342195
0.99144965
0.9236544
0.88821095
0.8933852
0.8380925
0.96130395
0.84102905
0.93998945
0.95083314
0.84282935
0.8901708
0.98294735
0.88178855
0.95146215
0.9862506
0.9859999
0.89555764
0.8093829
0.9909661
0.99131674
0.97954726
0.9645946
0.9901954
0.9346891
0.99018914
0.9590456
0.98284125
0.97358954
0.995477
0.9005656
0.97088253
0.97975475
0.94988835
0.92736834
0.932299
0.9945635
0.9694419
0.9549916
0.9423924
0.9956602
0.9573279
0.95642805
0.97609377
0.91457963
0.9541354
0.9551251
0.9730047
0.9671801
0.98066825
0.9751827
0.98002756
0.97613496
0.98814285
0.9870875
0.988492
0.849124
0.971279
0.98669446
0.94599
0.9848627
0.97407573
0.966341
0.9938283
0.98199934
0.85256743
0.98722434
0.95094484
0.9822617
0.9614654
0.9978851
0.97992074
0.9338939
0.8889107
0.92024654
0.9886511
0.9690456
0.9650376
0.98491883
0.99694514
0.90474486
0.9731995
0.9978694
0.93366885
0.94141126
0.9760498
0.9428128
0.9756912
0.91204834
0.9760896
0.9726683
0.98763764
0.98580337
0.91401374
0.99546003
0.93765783
0.97370094
0.97628653
0.9779793
0.9711499
0.9644099
0.9258481
0.9615309
0.9730349
0.90290546
0.96589327
0.97952986
0.9860346
0.95906675
0.9586091
0.96730447
0.9550886
0.9504982
0.99509096
0.9721204
0.98318523
0.98143566
0.94006974
0.97086686
0.9299816
0.9437183
0.9974506
0.97570163
0.9604933
0.96797526
0.9941442
0.852117
0.9243612
0.9945848
0.98491967
0.9120868
0.98323154
0.9886715
0.97588223
0.96233547
0.92360395
0.94103765
0.92426556
0.981774
0.9802774
0.96210766
0.9820258
0.97584987
0.9598893
0.9479373
0.96851075
0.9408162
0.98711324
0.9950371
0.9756917
0.97886187
0.98410875
0.8927103
0.99385655
0.9840168
0.9720823
0.9826704
0.9876569
0.9816538
0.9921601
0.99740165
0.9759041
0.79427963
0.96047026
0.98771584
0.9827515
0.9755347
0.9875381
0.9745627
0.98245525
0.992978
0.95549047
0.9825653
0.9894899
0.7970884
0.9752803
0.9924706
0.8471395
0.9767632
0.89212006
0.9821729
0.98390424
0.9557193
0.96017253
0.9887826
0.99408835
0.931273
0.99314755
0.9495599
0.9891438
0.99508333
0.9968585
0.9802999
0.9694368
0.98199224
0.9979556
0.9911126
0.9373104
0.93666756
0.9505007
0.987323
0.99803805
0.98353803
0.9140061
0.96642065
0.9578639
0.97084075
0.9733989
0.989133
0.98106956
0.99008757
0.9492669
0.9900621
0.9912169
0.96516335
0.9946046
0.98984945
0.9927873
0.96217084
0.96772265
0.9624616
0.96904945
0.9882188
0.9897829
0.9787078
0.9886352
0.97120166
0.9739615
0.98314977
0.97040194
0.94208956
0.91896486
0.85202223
0.99259686
0.9473444
0.92045313
0.96928185
0.99004847
0.87967956
0.96529263
0.9743073
0.9851168
0.9907134
0.9028928
0.93261224
0.9285882
0.9447292
0.96798134
0.9731192
0.99804425
0.9740475
0.9453011
0.9589468
0.98262304
0.97799253
0.9711392
0.93395317
0.9569928
0.9577891
0.99473774
0.977461
0.96596193
0.8767493
0.8925987
0.9081891
0.9578269
0.97371644
0.98912024
0.9657105
0.99570227
0.9574908
0.9973541
0.9940082
0.97671854
0.9372007
0.9567064
0.9877523
0.9120401
0.94421446
0.95135957
0.8854828
0.9862088
0.9649186
0.81782025
0.9733361
0.94851255
0.9948063
0.9449756
0.83632267
0.9527223
0.94595206
0.9294212
0.98045135
0.8818722
0.97157353
0.8787924
0.97021425
0.9691994
0.9599824
0.9906769
0.9363364
0.98214686
0.96704125
0.98312294
0.9786675
0.98547363
0.99474335
0.9720242
0.99303615
0.97680223
0.99186087
0.9834671
0.992978
0.9282731
0.9459164
0.9337137
0.97391164
0.8914683
0.9029889
0.98380834
0.9697671
0.84292376
0.9853562
0.9957428
0.98699105
0.98649174
0.8373292
0.9722138
0.98685217
0.830422
0.8981123
0.991969
0.97361386
0.9591446
0.9789695
0.96586764
0.97761166
0.9859321
0.967976
0.9460036
0.978393
0.9720427
0.9377737
0.95051444
0.9548651
0.9627951
0.9458965
0.9804146
0.80456245
0.9569942
0.97002333
0.98264354
0.94273865
0.95984215
0.9811124
0.97087455
0.98762506
0.97730535
0.96865535
0.97572887
0.97400737
0.9888916
0.9437979
0.99604535
0.9713601
0.9905787
0.99528354
0.9837099
0.96987695
0.9456122
0.9467064
0.99073297
0.97780585
0.9789084
0.953035
0.9717239
0.93996817
0.89484036
0.99283856
0.98160785
0.8876038
0.9731128
0.98337424
0.9670917
0.9692303
0.98937917
0.9854135
0.98601055
0.86932504
0.9722273
0.962385
0.90725267
0.9380781
0.9718026
0.9741353
0.98713636
0.9636004
0.9701755
0.94493675
0.9640437
0.9849799
0.9951738
0.913153
0.9804959
0.962693
0.9458897
0.9543928
0.86596256
0.9647194
0.98312795
0.959414
0.95926845
0.96858436
0.9757881
0.971169
0.9828246
0.96020967
0.97691405
0.9533075
0.9750663
0.9387088
0.96691936
0.87448955
0.9858423
0.971316
0.9500033
0.99183327
0.9912287
0.86221564
0.99462414
0.97174805
0.9651876
0.85423887
0.9692562