0.911731
0.9120765
0.8807261
0.7961471
0.87851393
0.8526505
0.7708933
0.9377394
0.8544387
0.9207459
0.8333011
0.8805294
0.78059125
0.933397
0.8951826
0.88885903
0.7892143
0.8599886
0.91890055
0.9223771
0.85597724
0.92288816
0.9428712
0.83427614
0.9577259
0.9144246
0.85720456
0.7160969
0.9066779
0.88971645
0.9602269
0.8310629
0.945917
0.89843863
0.94074535
0.8462875
0.933329
0.90371835
0.9293113
0.8378593
0.90824926
0.90477854
0.927562
0.94558626
0.84755176
0.92105293
0.8092665
0.79536915
0.9359901
0.82782996
0.9136719
0.8739326
0.91550714
0.9440031
0.84665465
0.8580237
0.8883345
0.8954898
0.8764658
0.91276926
0.93814826
0.9374736
0.8472245
0.7894652
0.8877735
0.79691845
0.8455133
0.88002896
0.89753646
0.8903982
0.89341545
0.8862562
0.89634454
0.86088896
0.8297064
0.77388364
0.79262686
0.86298907
0.86490643
0.906047
0.79543084
0.9333104
0.8678751
0.86353683
0.79981905
0.90960056
0.9113351
0.9312154
0.8983611
0.78672934
0.93099785
0.7886029
0.87356627
0.80969024
0.82250583
0.8594149
0.8323283
0.8668333
0.830426
0.94137955