0.9469188
0.7195435
0.7961688
0.87291515
0.56373596
0.6059858
0.75335526
0.79806376
0.31130624
0.8306838
0.8813611
0.3926503
0.6633152
0.8975073
0.8665732
0.926381
0.68254286
0.93880117
0.8792308
0.9064125
0.9238168
0.8408791
0.86811936
0.9536593
0.8936563
0.91525877
0.52165353
0.88793564
0.95589125
0.97333014
0.93856686
0.9835462
0.8346168
0.84079254
0.6331965
0.8449122
0.34321147
0.80476755
0.78903
0.7254932
0.7899262
0.37222385
0.77701235
0.6038923
0.41093805
0.67239237
0.8048994
0.89064497
0.8169887
0.93523455
0.8314572
0.36626744
0.7624157
0.94590575
0.86040616
0.84099287
0.8813666
0.98219657
0.76894325
0.9360955
0.6315819
0.85524416
0.5277136
0.79115546
0.76752025
0.6100676
0.7112626
0.85625297
0.79970735
0.71920204
0.89448285
0.6947697
0.84642994
0.87906253
0.8866205
0.6504878
0.6605096
0.80706406
0.954673
0.94715977
0.704293
0.92110944
0.88172257
0.93540704
0.84068096
0.52678907
0.7325977
0.59999585
0.59388894
0.9658915
0.8715122
0.9565178
0.7841779
0.9322282
0.5717785
0.77113616
0.704062
0.67234945
0.5404645
0.8185404
0.4221015
0.9321493
0.70813906
0.97670245
0.9198
0.9032345
0.7341711
0.68140423
0.593387
0.94746184
0.91777074
0.3223526
0.91587585
0.74058056
0.67710316
0.9281384
0.9262735
0.7971331
0.5705755
0.6708369
0.8532063
0.9435872
0.81469685
0.6884578
0.9060477
0.572042
0.8876823
0.848186
0.7390216
0.87233746
0.81867903
0.9317532
0.86483836
0.9098641
0.85368973
0.87636304
0.94041836
0.3836866
0.9314388
0.6163403
0.90917283
0.89767486
0.92975056
0.91150624
0.5716351
0.7686447
0.8852565
0.9011849
0.9270556
0.69188976
0.8431324
0.8760556
0.8382223
0.9906037
0.88478184
0.7868735
0.62195396
0.6958951
0.65536225
0.8344039
0.87043226
0.9396871
0.53823733
0.78195095
0.8780867
0.906309
0.6230522
0.6860328
0.9020337
0.67497635
0.59027815
0.28456742
0.8780296
0.9184002
0.7222593
0.91484344
0.875308
0.8134336
0.8898813
0.8194735
0.88918847
0.85364306
0.7897395
0.79296947
0.771472
0.9402746
0.6557039
0.8268556
0.9130453
0.4524122
0.7271282
0.4807626
0.85226524
0.84734595
0.8694265
0.6980059
0.97431016
0.27598965
0.91875964
0.86526644
0.8037695
0.8772482
0.9815677
0.8540757
0.64784586
0.6504849
0.79664874
0.870739
0.8650386
0.49956715
0.7943531
0.8726716
0.95978487
0.7173317
0.5312958
0.8506474
0.8245109
0.62595713
0.5095572
0.7314058
0.7802967
0.33730584
0.7666483
0.9001758
0.8911916
0.94457996
0.43804932
0.85915667
0.7184249
0.6221939
0.7877717
0.5704651
0.6792608
0.5470365
0.47997493
0.8174037
0.7541378
0.66641295
0.5544746
0.78862077
0.8077264
0.41279352
0.9375117
0.91401744
0.31786627
0.5924851
0.7351979
0.848175
0.9163075
0.8072158
0.72055995
0.9245363
0.99261093
0.6249522
0.6186156
0.29153952
0.7902169
0.91750884
0.80655664
0.8030243
0.9001003
0.8416219
0.85233784
0.9579258
0.9005817
0.7800404
0.95648265
0.80083776
0.85401213
0.8132612
0.6247487
0.7816872
0.9483844
0.9119226
0.35813048
0.826976
0.8925488
0.90904975
0.3837474
0.7952181
0.8639594
0.854962
0.4198135
0.7138438
0.74033666
0.8652711
0.7481411
0.9341333
0.88713086
0.6254548
0.794989
0.807976
0.8375865
0.8897359
0.8867204
0.77821016
0.91747725
0.930017
0.7882471
0.9072025
0.6714482
0.87320423
0.7081872
0.5597755
0.79405177
0.49305293
0.5781003
0.95592666
0.9244367
0.923386
0.81998575
0.9168627
0.6969415
0.8326745
0.9258477
0.599272
0.6995362
0.65880406
0.9649346
0.91772664
0.9201152
0.90875363
0.73491895
0.65534866
0.725217
0.9310009
0.8672125
0.8896179
0.9015263
0.9153466
0.8412559
0.8093258
0.8408574
0.8136785
0.6482402
0.7108015
0.91774476
0.60263294
0.7374848
0.9087756
0.8244306
0.9289253
0.6766702
0.949352
0.83373415
0.89465237
0.6223547
0.76209056
0.9328752
0.7167274
0.8118851
0.9841405
0.44817668
0.7415037
0.7848587
0.87547195
0.9521321
0.7947794
0.91215456
0.41432512
0.83274937
0.8680316
0.97565544
0.76995873
0.86109614
0.8819642
0.9089816
0.9480756
0.9362736
0.93388546
0.6975787
0.7215532
0.92370087
0.66908383
0.8305993
0.89220613
0.62980705
0.522529
0.7780896
0.6278472
0.846704
0.8988296
0.5016616
0.7612379
0.82867765
0.5096515
0.992131
0.71952415
0.90595996
0.7820095
0.90935916
0.7643433
0.5610095
0.74751073
0.8987094
0.8111219
0.838536
0.88496196
0.7055379
0.5355203
0.9781574
0.91739583
0.61595666
0.69243985
0.82832426
0.88942885
0.8930394
0.7925669
0.44106966
0.6959948
0.5619163
0.8698845
0.3664598
0.76602054
0.6779598
0.67052877
0.8949833
0.6054911
0.79896605
0.93752766
0.83107996
0.89679164
0.97045624
0.75475025
0.36428446
0.46714818
0.7825173
0.93463874
0.9634812
0.9596648
0.89297545
0.71780205
0.8530819
0.5684464
0.500168
0.85710543
0.6655662
0.6716521
0.8399565
0.7499928
0.40983862
0.4829777
0.43536007
0.848547
0.7689575
0.8802445
0.80484915
0.8818783
0.922759
0.71128243
0.60365105
0.3310207
0.88500917
0.3504054
0.7618378
0.89725995
0.906578
0.95291466
0.86630595
0.95439297
0.88002014
0.8502921
0.7832005
0.84263927
0.60355806
0.9545477
0.8032791
0.85293007
0.9636288
0.9693235
0.8902632
0.6520734
0.9088329
0.86707896
0.90926474
0.32099026
0.9187435
0.9378734
0.513737
0.63933975
0.8851087
0.7758615
0.8544078
0.8162882
0.7483909
0.75912553
0.4287922
0.9257652
0.8049809
0.50341547
0.80287313
0.97876024
0.57965934
0.363019
0.69159615
0.9317553
0.6928885
0.88968205
0.7836653
0.8492857
0.88712585
0.79848033
0.89092433
0.86197484
0.9696008
0.9535182
0.8921679
0.43409202
0.95338297
0.5726259
0.87715274
0.6714134
0.89311147
0.5088061
0.9410696
0.5823566
0.61723256
0.8914912
0.88856804
0.401196
0.88163483
0.7316799
0.80697644
0.9383477
0.77558
0.642045
0.8098998
0.94732404
0.82122344
0.9763302
0.74103343
0.26681745
0.87087375
0.86980784
0.9963163
0.5894536
0.59444743
0.80012894
0.6018574
0.9390515
0.6420297
0.94444764
0.87600654
0.8078399
0.8989743
0.97226006
0.9174209
0.50994855
0.99120027
0.8503321
0.9410074
0.72802687
0.7095281
0.87372637
0.8696555
0.42999017
0.6580453
0.36915678
0.67632306
0.8855852
0.98462677
0.76136637
0.8322383
0.8868725
0.80641496
0.79120535
0.83817756
0.8524598
0.56643105
0.86335385
0.56731296
0.9465682
0.49372256
0.87783366
0.9679831
0.8282366
0.84615076
0.6916987
0.6824375
0.87943274
0.7027317
0.75998986
0.5916951
0.78620124
0.8572564
0.87696934
0.96750283
0.8872657
0.74287105
0.77693355
0.93565863
0.7935766
0.4264798
0.92333496
0.837666
0.7854582
0.9090203
0.70008874
0.5495181
0.9379331
0.78960466
0.93992925
0.86038876
0.78311014
0.8051814
0.8019519
0.8881375
0.9446764
0.4005081
0.90871155
0.5520557
0.6911427
0.78767157
0.79861295
0.68043095
0.9821496
0.86378634
0.8755778
0.48279405
0.86873865
0.8735565
0.94353795
0.7424973
0.6982416
0.8908275
0.80828935
0.5577339
0.81616396
0.75180066
0.76636684
0.6287575
0.93668586
0.8355131
0.86985034
0.73514444
0.9407277
0.60162115
0.6008169
0.52494067
0.5091713
0.5494243
0.37769687
0.6379362
0.7211886
0.55565107
0.43861258
0.9105985
0.54009604
0.69600487
0.973544
0.9203229
0.52878606
0.31956208
0.89268994
0.89732957
0.7438288
0.80241114
0.98424053
0.83495605
0.8805033
0.69268686
0.9193168
0.7949717
0.9318006
0.7104306
0.7778776
0.9123194
0.8278458
0.73630834
0.5464059
0.9222569
0.7209827
0.82043123
0.76390254
0.99288857
0.6290984
0.74241304
0.845719
0.71048206
0.6784252
0.899151
0.93299854
0.8712795
0.8034524
0.63440144
0.7995734
0.8187574
0.79378206
0.8998272
0.846616
0.47737718
0.96521556
0.83399266
0.84051657
0.9439299
0.666855
0.71417046
0.8516109
0.9362705
0.38734204
0.8655273
0.79399854
0.92029274
0.7910851
0.938807
0.8267601
0.5774034
0.5746188
0.49950415
0.8459868
0.72000957
0.8185594
0.8935715
0.9933232
0.6298247
0.8282877
0.97765917
0.49114773
0.66194123
0.84360147
0.674276
0.7231128
0.73049206
0.9245604
0.7668356
0.9969175
0.9443562
0.63400507
0.9691864
0.75536954
0.8522502
0.80486166
0.96337616
0.79332674
0.8736384
0.7783324
0.8183485
0.8171913
0.6155919
0.7468127
0.8572334
0.9023584
0.74209833
0.8190805
0.76809394
0.8697945
0.7268742
0.94902194
0.8406615
0.8425025
0.6869011
0.84704775
0.77144706
0.83270943
0.6984856
0.97694355
0.8018143
0.73720837
0.81311494
0.9759133
0.53721094
0.66328824
0.9647423
0.95817876
0.6588894
0.96985114
0.918889
0.8131321
0.7588342
0.5868727
0.819723
0.53116643
0.74774927
0.8515526
0.6001045
0.745863
0.8425349
0.82796526
0.5915964
0.73501873
0.9102837
0.80717576
0.90768987
0.76211464
0.7550113
0.85494167
0.5410716
0.97565424
0.9469531
0.81036973
0.8675732
0.90277994
0.78197664
0.95460737
0.96641815
0.8802755
0.27653685
0.6315456
0.9377184
0.82305855
0.65341765
0.9013573
0.755972
0.8474674
0.928615
0.6698332
0.8890482
0.86125594
0.32033634
0.8079716
0.90718323
0.311872
0.86250556
0.40708587
0.7401471
0.9047459
0.8591051
0.7195597
0.80773884
0.9322238
0.5044923
0.99008083
0.7723025
0.960546
0.9621048
0.8486681
0.88896614
0.89252174
0.9383172
0.9818919
0.97001296
0.6951653
0.63016725
0.6835448
0.91158754
0.9905006
0.8940337
0.45470035
0.75814366
0.7481542
0.9427204
0.78152233
0.91286224
0.9176823
0.89416575
0.62384665
0.84014213
0.97169703
0.6417803
0.9034617
0.9204871
0.95610416
0.8508989
0.82047933
0.76916546
0.81422365
0.9405513
0.8060845
0.938203
0.87174803
0.68243676
0.910895
0.8520571
0.77792627
0.52924705
0.70610785
0.39260775
0.85931915
0.67950094
0.5719707
0.8099615
0.891611
0.5787828
0.7196318
0.8900977
0.8642535
0.8873415
0.4648603
0.5358219
0.7284626
0.67346567
0.8459232
0.89726925
0.98543674
0.80966365
0.60529536
0.6717782
0.762706
0.90566003
0.9080474
0.679745
0.8645168
0.76274145
0.9859917
0.70765203
0.83751047
0.496148
0.56259084
0.56275225
0.8107732
0.83470243
0.9705046
0.72134686
0.95644975
0.78745466
0.9215693
0.9359592
0.8758973
0.66807234
0.78313017
0.91127264
0.6189966
0.58415115
0.7542888
0.66701657
0.9262983
0.5845456
0.4416545
0.8502683
0.78306115
0.972861
0.7578346
0.380749
0.73269784
0.6561904
0.7218597
0.6542506
0.6333117
0.79117954
0.5238921
0.79470783
0.73061645
0.9269999
0.9411235
0.63200384
0.8874582
0.7862251
0.88245773
0.9776428
0.7887323
0.96153677
0.82070637
0.92269313
0.9323721
0.88202786
0.81155664
0.93651175
0.67348826
0.813059
0.72365606
0.83821446
0.43416834
0.6810187
0.78112674
0.73141056
0.4583688
0.88577455
0.8853346
0.8657374
0.927379
0.41719344
0.81519926
0.967978
0.31290787
0.5565872
0.952559
0.7764146
0.77464783
0.9174558
0.77485204
0.8341682
0.7747812
0.8287847
0.88534486
0.84011734
0.7530482
0.71256447
0.67593676
0.621834
0.76129025
0.7712387
0.86452055
0.29361516
0.7665583
0.7197949
0.99237835
0.73100805
0.9109553
0.88493824
0.78936136
0.89815784
0.94473195
0.888705
0.8950938
0.7823964
0.92467415
0.6547092
0.9052194
0.68388003
0.9942099
0.9060334
0.99392796
0.81515354
0.69707733
0.772017
0.87948024
0.7095027
0.88637877
0.70250607
0.6795751
0.7090742
0.49875146
0.98773533
0.6854507
0.39643633
0.9179424
0.9252348
0.91478735
0.85888326
0.97926736
0.895363
0.9293905
0.34002548
0.9479395
0.74697936
0.38690907
0.66648436
0.9324612
0.813974
0.9074007
0.7374619
0.86328816
0.65444064
0.89058286
0.82720906
0.92074317
0.570824
0.9173091
0.731883
0.7743503
0.80475575
0.40214533
0.65724504
0.8995283
0.7445631
0.858811
0.8370556
0.9958723
0.82207817
0.86539584
0.81663203
0.7900293
0.6999555
0.7230817
0.7188962
0.7936981
0.54125166
0.9716606
0.91433823
0.807443
0.968071
0.93592906
0.4532742
0.9534117
0.8329911
0.6614177
0.35193664
0.77377737