0.95181847
0.8195481
0.76247615
0.89307904
0.41229635
0.52957827
0.741748
0.7883447
-0.028837852
0.54207844
0.8516946
0.25979823
0.6727186
0.8341402
0.75904644
0.9401158
0.66757977
0.9539809
0.90304375
0.7491246
0.80722064
0.8386624
0.7638669
0.86872
0.9625031
0.89161617
0.3056398
0.87893564
0.9406251
0.9851381
0.984377
0.9169349
0.73944795
0.8524565
0.5449932
0.8120149
0.106429294
0.765292
0.6808952
0.6253047
0.8114759
0.051195607
0.57207584
0.32328844
0.120051354
0.48966998
0.601689
0.8970083
0.84540844
0.8907202
0.5666672
0.24747118
0.6549232
0.9487632
0.8095439
0.88617355
0.94172835
0.91187894
0.75360036
0.8202251
0.656791
0.8177309
0.49247146
0.9224803
0.62741846
0.4276236
0.5925075
0.7020905
0.851264
0.78608733
0.8032448
0.3972569
0.7769748
0.9145229
0.7343631
0.49692625
0.62574565
0.8666593
0.94323504
0.7559184
0.61464286
0.8704745
0.865471
0.90666455
0.84118694
0.5239521
0.51166815
0.50474375
0.5132934
0.9293263
0.82811147
0.8384698
0.8745949
0.9037578
0.6832517
0.7679758
0.6167015
0.49020424
0.33031923
0.5972764
0.42808992
0.8833829
0.4753573
0.8624741
0.89875126
0.8114845
0.6374526
0.7480806
0.40950656
0.7690414
0.96923524
0.059618793
0.8565328
0.73273885
0.6271012
0.9358213
0.9496591
0.60643625
0.5904809
0.42891794
0.8393412
0.9680655
0.8758944
0.63524413
0.8223593
0.78467757
0.7700299
0.63750017
0.5273537
0.8222024
0.7136504
0.8350698
0.92468244
0.8602594
0.78844655
0.8627255
0.93084073
0.16385499
0.86839
0.5667071
0.9557494
0.87660813
0.81458116
0.9374734
0.4884262
0.54329056
0.80661005
0.9419071
0.96573466
0.7719472
0.5580191
0.882419
0.73806775
0.9175386
0.8601206
0.6522549
0.32349724
0.6884636
0.57589114
0.8633317
0.90275747
0.95680296
0.3062171
0.7571714
0.92921245
0.8869202
0.58267516
0.7692143
0.9098631
0.44671756
0.27676356
0.14839573
0.8560598
0.9499
0.7897637
0.87080103
0.75466794
0.8426393
0.85008144
0.54118687
0.90008235
0.6643541
0.8478439
0.60312116
0.6355178
0.95970184
0.6614839
0.93925613
0.74233055
0.3715151
0.71518135
0.24178046
0.46090725
0.7180628
0.7638669
0.620036
0.840322
0.11025986
0.8839958
0.8232577
0.65137255
0.8126179
0.950621
0.91468704
0.5930471
0.39443606
0.83952534
0.6564315
0.742106
0.57228845
0.5960206
0.88091046
0.8760712
0.66239357
0.47098356
0.74474645
0.9094734
0.67757624
0.42510504
0.67281574
0.74136925
0.08913663
0.63075924
0.9423449
0.8576337
0.9621103
0.20883138
0.87511134
0.47216812
0.4317888
0.84033006
0.46965554
0.5073514
0.44734633
0.49111032
0.8441459
0.6193238
0.6774782
0.33335274
0.6856384
0.49453744
0.27908462
0.9266707
0.9204929
0.06795001
0.6307939
0.6881046
0.7535579
0.9690125
0.8043512
0.779925
0.9436543
0.9721999
0.6195318
0.65682226
0.30176753
0.77489924
0.7269915
0.8752262
0.53078485
0.75068223
0.67309177
0.7178124
0.90894604
0.89915574
0.7170782
0.9038131
0.8335254
0.65080833
0.6960852
0.5649508
0.880404
0.9593763
0.8458354
0.40954214
0.8750041
0.87016004
0.8545879
0.14692022
0.8087115
0.84834015
0.90991163
0.34808332
0.79715085
0.46054107
0.81857157
0.72018486
0.8877722
0.89561737
0.5186712
0.7016986
0.7483374
0.6735357
0.9205455
0.8170912
0.7993559
0.8849354
0.9426246
0.70165277
0.9158123
0.59675217
0.88520217
0.8150989
0.37565625
0.8389216
0.2372378
0.40877318
0.88535786
0.94451594
0.9390145
0.7418369
0.9508121
0.77710485
0.82745993
0.8354637
0.41209173
0.765818
0.7061244
0.8356744
0.6438863
0.85059536
0.77790916
0.6935998
0.4955458
0.67677927
0.98715526
0.84174263
0.9253049
0.790624
0.8984107
0.7440212
0.6745708
0.8248909
0.81489503
0.65608925
0.7581043
0.8863859
0.23322111
0.64953566
0.8980597
0.7400062
0.95574856
0.7104894
0.9847496
0.75958693
0.8216704
0.42551237
0.55843407
0.94161165
0.5422437
0.77778286
0.9714956
0.5195102
0.7212311
0.77834946
0.75347817
0.86084586
0.6199633
0.91480637
0.42595363
0.87256896
0.8865856
0.92731494
0.6491183
0.704576
0.81303996
0.8016507
0.9291329
0.9422636
0.94455075
0.588181
0.6298805
0.93231356
0.59206426
0.89128387
0.6489157
0.58990616
0.45964134
0.7816639
0.50889075
0.84644085
0.95506436
0.31801128
0.6283077
0.67827415
0.5505134
0.91281897
0.52730775
0.89817864
0.66203815
0.8262007
0.80961925
0.7060696
0.61179054
0.8608028
0.7808362
0.70528764
0.71373427
0.5041173
0.3129791
0.77396464
0.84605765
0.48733383
0.55273813
0.48241687
0.9244682
0.94819504
0.8383821
0.2278488
0.7490411
0.43497288
0.73589265
0.21475497
0.55903214
0.53749126
0.546468
0.6979052
0.3107161
0.76679564
0.8271605
0.74571157
0.7083368
0.96827686
0.6466366
0.1444588
0.35173315
0.4553579
0.8723618
0.9809828
0.9383229
0.9365587
0.47527015
0.88035667
0.48952952
0.25670177
0.69329953
0.33413315
0.4513654
0.6061821
0.67315507
0.07185525
0.07747773
0.4196338
0.9046303
0.83396375
0.72764826
0.80545795
0.86328495
0.9084223
0.93543327
0.56428856
0.23757717
0.6298268
0.32670256
0.6828526
0.90796936
0.81438375
0.94976026
0.9257698
0.92525077
0.82526845
0.8271221
0.48725504
0.8472825
0.5969932
0.96601343
0.9084494
0.8677125
0.9433285
0.9648532
0.8580313
0.6081265
0.6716192
0.7503511
0.894746
0.28395957
0.82913464
0.93163556
0.37853587
0.7429111
0.93141335
0.7590668
0.5254084
0.6812902
0.57673013
0.7569207
0.31760517
0.94513595
0.6288157
0.36875147
0.79909664
0.9365951
0.3805194
0.27865097
0.64588076
0.86848307
0.59781647
0.8417565
0.7057692
0.50476724
0.90914863
0.6888087
0.8729612
0.8184958
0.9734038
0.82391846
0.86640835
0.37014216
0.9392569
0.33880603
0.8518128
0.6556788
0.7879863
0.25919455
0.85040444
0.37343943
0.47179917
0.8775556
0.9494028
0.24948773
0.86146116
0.7066803
0.68467516
0.9309658
0.7700079
0.40578058
0.8632321
0.9344519
0.73074514
0.9465331
0.23301274
0.05089997
0.727918
0.91151136
0.94877774
0.24294356
0.8460309
0.69573605
0.50870776
0.87749046
0.61128056
0.8897166
0.931297
0.6963686
0.908559
0.9571772
0.804439
0.5300777
0.985278
0.92121917
0.9247177
0.7129407
0.5863623
0.82536536
0.80117726
0.3931045
0.3974778
0.2931995
0.558012
0.730162
0.9725189
0.75747126
0.86628807
0.8679874
0.71974933
0.804724
0.9149409
0.8055388
0.1947543
0.6765829
0.4243022
0.89777386
0.39084375
0.8638834
0.80942774
0.8753722
0.87760246
0.7371975
0.79198134
0.73299325
0.55465055
0.6750347
0.3822243
0.7770674
0.8043214
0.9083391
0.93464553
0.8342646
0.6138259
0.58555543
0.95006746
0.7856852
0.37009096
0.9133867
0.8302919
0.70084405
0.84799385
0.6872413
0.2994203
0.9041487
0.4240679
0.9117836
0.91587484
0.6608441
0.76446515
0.6694579
0.98834205
0.9389442
0.21595001
0.7986064
0.3810582
0.66023165
0.74493235
0.69102705
0.4774059
0.93787235
0.9227124
0.8866355
0.48189452
0.8916955
0.8835974
0.884528
0.40596682
0.46854046
0.86986053
0.78962946
0.31802183
0.65555334
0.8724457
0.70743835
0.59194
0.9409682
0.77503407
0.8438039
0.73138654
0.98076314
0.5953423
0.4453233
0.2675843
0.41151696
0.5821625
0.18531111
0.5072157
0.79832995
0.4997245
0.09441584
0.8684059
0.37984654
0.5604865
0.8223112
0.9286497
0.424252
0.15921013
0.96069765
0.96027124
0.8228343
0.7551737
0.86243165
0.6779994
0.8745488
0.71364105
0.8985333
0.87698996
0.9478102
0.6292212
0.4963938
0.9019363
0.8016873
0.48092103
0.2929837
0.9417864
0.640875
0.75188524
0.517296
0.9645335
0.5704762
0.7403102
0.8793353
0.4388441
0.7347026
0.7588211
0.8429274
0.80757964
0.81141144
0.66490793
0.75967413
0.8838117
0.88076705
0.925951
0.9158551
0.28039664
0.9730797
0.8722466
0.68393564
0.88505805
0.64340115
0.672581
0.9013634
0.9772145
0.09656803
0.89201653
0.6976176
0.7641446
0.6340391
0.9638071
0.8635458
0.36633363
0.43607798
0.4488206
0.8718935
0.7790017
0.7411769
0.93100226
0.9730544
0.36530587
0.6509423
0.9793319
0.3343136
0.6078192
0.8289969
0.42370105
0.6533343
0.6158059
0.8864518
0.7796077
0.9930588
0.94807506
0.6562599
0.9507376
0.6522695
0.8065472
0.7884134
0.9730797
0.8706562
0.77384377
0.68970096
0.63584375
0.77363646
0.5046313
0.8742899
0.858269
0.89640254
0.7834528
0.6938843
0.7749764
0.62591887
0.7129407
0.95733666
0.64458203
0.90201914
0.70051646
0.521682
0.7184396
0.5331962
0.63798785
0.9530334
0.7755765
0.7845801
0.5574372
0.9506192
0.317433
0.6257864
0.967123
0.91597265
0.36612207
0.8508166
0.88983893
0.8740382
0.62740535
0.5431941
0.7081873
0.35635883
0.8812664
0.76377344
0.5508834
0.6961162
0.8257157
0.48952603
0.5392337
0.8246639
0.7325375
0.8986464
0.9150874
0.79510623
0.70352656
0.9178033
0.29024792
0.95172143
0.82214016
0.7210797
0.7573102
0.92333305
0.7492962
0.89798796
0.96953404
0.8688254
0.112755045
0.5735043
0.8827892
0.8564116
0.60487926
0.8755542
0.6177839
0.76827955
0.9515357
0.43289703
0.9002904
0.92071056
0.22636323
0.8571539
0.8906673
0.3070494
0.90381825
0.3307871
0.6886947
0.8560093
0.62129164
0.6946695
0.7981653
0.90610343
0.617719
0.9362696
0.73651826
0.9314225
0.94685936
0.94555795
0.89500254
0.71536136
0.8950825
0.95445895
0.93787557
0.5036945
0.5730065
0.5543021
0.9165685
0.88010025
0.7879803
0.36140135
0.610865
0.71671486
0.81380785
0.5748594
0.95202696
0.94092655
0.900409
0.4431311
0.91901135
0.87593734
0.57739145
0.90869385
0.9065595
0.95764273
0.7962382
0.65927655
0.59861565
0.52838933
0.9480115
0.8985919
0.8394012
0.884161
0.6641679
0.9204929
0.9159162
0.7323684
0.485151
0.75939524
0.13531877
0.8918372
0.61569273
0.35078642
0.81592035
0.84644747
0.39682248
0.6827163
0.92085874
0.80971587
0.95024884
0.5779413
0.48682958
0.5928476
0.7139265
0.7823257
0.90796936
0.9847892
0.80734366
0.4129885
0.55659515
0.8750674
0.75306785
0.812881
0.43452203
0.5422848
0.59670293
0.9525844
0.7926751
0.6704644
0.4847018
0.33374757
0.43642464
0.7545209
0.9198344
0.90328604
0.7474909
0.9277067
0.7103313
0.9644171
0.94900423
0.90706253
0.6310186
0.6175911
0.9109186
0.31625396
0.6089794
0.6760489
0.4839669
0.81818014
0.58280975
0.4175233
0.69505405
0.756194
0.9594741
0.7011791
0.3833409
0.5492078
0.60178685
0.610734
0.742535
0.50852764
0.7336346
0.36114016
0.77834946
0.7073247
0.7441665
0.9656507
0.6172762
0.8964857
0.6246339
0.865471
0.95761526
0.82487345
0.8842492
0.8876298
0.947812
0.8938044
0.9033486
0.79549545
0.9681233
0.5815727
0.72633123
0.53128016
0.62595415
0.13249975
0.4678828
0.77378225
0.6826823
0.4452145
0.9235505
0.9188999
0.9276592
0.9046196
0.49381828
0.5428162
0.87367547
0.16482085
0.45272547
0.9328248
0.748755
0.7226502
0.8494344
0.67159694
0.79204637
0.80690193
0.774343
0.84585136
0.8486029
0.74799645
0.57397807
0.6904465
0.64429086
0.75483143
0.6707454
0.8557955
0.19199644
0.5957916
0.7719591
0.93449795
0.42085
0.7748382
0.88117397
0.7667189
0.9150535
0.8549882
0.6478105
0.80440134
0.7422176
0.82013464
0.5221
0.9360391
0.61752367
0.92162454
0.943575
0.87257
0.7919564
0.84067607
0.7834932
0.92807573
0.75021374
0.8902838
0.22778332
0.81143486
0.67344725
0.39839566
0.9371704
0.71953213
0.32914335
0.9396579
0.8738922
0.7263951
0.77518785
0.9082104
0.8997936
0.83929545
0.49655825
0.7896598
0.6971755
0.1495703
0.53616786
0.88771
0.81414014
0.88799906
0.657229
0.69784594
0.67230916
0.92182195
0.8062546
0.9615711
0.49674907
0.9748682
0.80788076
0.50950265
0.7613469
0.3138465
0.7302518
0.82672155
0.6349077
0.7639211
0.9143863
0.9504427
0.72717357
0.8622769
0.6647147
0.8832334
0.6323978
0.8112102
0.5205239
0.8124578
0.44494402
0.8765905
0.79400814
0.62621486
0.895988
0.91275954
0.25506705
0.94834226
0.665629
0.7680478
0.19319467
0.8585632